iid bid
55947 314
81199 330
32934 284
59291 284
24035 898
39462 19
2179 44
1079 832
22627 249
94246 284
84991 939
31342 797
59865 470
14347 752
90832 249
1611 284
47039 515
82176 380
56622 360
13809 887
93259 620
83284 135
93198 626
90820 194
10560 714
43392 791
76456 185
45871 807
59103 280
59965 518
55297 445
5792 198
1543 695
44205 848
38545 330
77417 574
773 284
57862 246
11402 239
66669 90
22693 972
93100 276
3782 470
81812 191
89048 276
3203 548
73713 918
73174 816
58256 466
43104 935
50248 893
28685 284
27427 515
6052 312
12187 880
240 887
3852 413
3895 413
22104 145
26366 284
27090 266
75243 276
29472 515
79951 4
4909 555
41950 312
95129 462
83133 284
92297 750
45292 468
70985 887
69992 413
2268 147
84718 158
41838 922
55752 801
87041 605
78317 295
58744 246
54513 437
7655 256
52219 575
83997 200
73481 19
58948 194
13956 19
21321 593
40930 593
76364 203
7455 777
29820 194
93534 135
41276 42
38392 330
16469 285
73390 19
53440 651
53913 284
27261 524
51753 288
57052 194
2066 284
7970 710
48006 237
58955 972
91327 714
5137 6
47749 714
5097 965
75531 116
95408 965
86800 237
57695 42
59123 19
55058 448
93281 466
23912 881
74316 276
28651 401
48138 842
44415 950
4815 869
3232 276
69251 97
33285 97
2440 916
85705 692
64483 21
44809 41
60622 207
53378 42
44807 932
8073 243
381 283
47735 243
54115 589
85190 634
57418 499
70972 19
515 179
73426 90
10259 284
9102 573
70976 90
14591 330
13044 987
86768 141
44490 987
23809 695
23812 623
77295 832
85211 470
49748 169
92744 194
10480 194
21296 465
16755 19
92948 695
83462 330
79280 203
6834 330
1382 330
90639 548
88510 548
53759 358
34984 492
87923 548
87341 234
66552 234
50632 695
7400 832
70305 171
75003 138
34093 559
85738 965
43620 120
79353 284
75535 284
72250 34
23282 284
74397 456
47064 448
80423 200
4895 448
25084 121
49438 284
6911 509
39065 605
43969 355
48027 66
36444 114
30950 92
39278 338
35668 765
40093 801
86349 68
6170 284
53322 389
87424 472
59168 137
21455 507
46440 6
74759 284
40646 66
86467 312
75028 6
63307 233
55889 632
79635 284
69454 472
95468 727
38005 284
51805 183
44391 47
43222 987
46140 314
45993 113
91374 474
68266 472
26771 801
11490 284
92109 539
93361 233
89600 506
81545 504
41159 312
42695 918
48557 638
86178 358
87376 470
24877 399
25610 284
18314 284
8677 395
17751 748
2509 284
803 284
13846 264
9724 797
17440 797
2053 62
68327 358
2495 575
13840 312
2052 62
83212 358
35335 375
41192 375
8330 284
94145 243
86672 284
88289 243
74647 284
84608 375
72000 243
25566 243
30825 243
16908 243
11340 243
71237 243
78979 243
77513 243
84773 375
35996 243
71535 809
69803 375
15435 284
79952 284
406 284
14910 809
78730 243
75157 284
78316 243
71499 375
74410 375
76002 809
75413 948
74939 375
23675 375
74932 284
72583 284
74028 284
330 284
35799 243
72742 809
69681 243
37384 809
37225 284
37223 375
67252 948
70863 948
70121 948
69018 284
35749 284
34683 948
25362 243
1002 375
18030 243
34684 948
23677 43
1241 375
29675 284
1019 284
18261 243
33376 284
35434 284
34698 375
96 545
25722 375
24960 467
94211 180
70166 284
40984 543
84911 224
51063 263
51062 263
50097 11
29342 486
5334 224
81883 263
51534 11
42370 77
32566 11
30011 907
50463 11
17675 49
77176 39
25169 191
31392 284
31397 284
79819 284
15666 76
5822 284
6990 782
94997 667
94995 284
24062 284
78978 950
138 825
38109 893
13273 358
2272 104
20417 591
11306 35
42949 921
4016 477
31438 330
65404 284
62019 703
62253 893
60227 345
61029 499
62139 284
29479 284
10891 708
30171 345
40943 57
39312 600
37865 57
59874 768
57301 345
38072 345
80499 284
37311 148
37300 148
37310 148
3465 284
90087 692
76087 692
57530 674
80438 299
3464 284
14254 284
69126 129
56240 284
48502 830
38294 692
93607 265
5127 835
38013 191
28922 66
88598 66
82300 246
86750 782
86749 782
78597 448
78820 148
89866 345
84959 174
29891 358
51976 340
69708 174
27974 448
92537 835
5778 191
70570 437
92572 575
84480 284
83015 437
44491 448
92442 575
92438 835
36028 148
43124 284
38898 284
34307 358
38094 371
74396 782
19244 191
95106 448
31031 472
18548 470
63772 76
7317 825
40396 345
84642 284
95727 507
25991 284
11486 448
11482 18
11484 18
11481 18
11487 448
24811 395
16706 714
5087 345
81873 345
18019 345
10618 284
17560 284
12553 284
66601 284
35830 26
18354 345
64596 179
71019 345
26081 507
80513 284
66800 507
79966 172
63376 169
63190 40
64761 832
63091 708
65257 284
62398 578
94239 918
52167 188
34746 383
62875 752
55030 13
60712 13
51077 113
61097 708
62006 298
59426 832
26816 492
62523 113
92359 284
61941 708
44148 708
76644 284
63329 714
61444 383
60200 708
62988 714
60474 284
23065 185
22083 185
7057 19
80341 219
21932 147
66603 169
51603 219
61169 708
87893 708
61477 708
54124 239
45297 38
59090 918
23073 90
55323 284
57869 599
60029 46
54864 470
60014 113
51990 284
41541 239
27008 147
54630 243
50657 113
69252 708
57664 555
5273 109
47914 708
41767 233
7716 832
40108 492
58790 607
31793 340
40708 492
80270 688
56034 601
75988 109
45172 888
57347 893
56293 19
55050 284
85969 366
48324 77
55163 708
1815 340
1985 340
55762 113
55782 86
55247 97
18244 936
29091 425
47976 284
53962 284
48009 425
38233 381
45817 815
54918 893
48008 425
39392 298
29090 425
50196 708
33699 298
69704 340
24648 239
33691 298
46794 437
51046 714
40318 834
42378 284
65612 708
88518 97
27256 19
41123 340
26574 284
39351 670
94986 340
53216 832
46262 381
73999 234
11475 996
95011 727
54181 284
25627 284
31871 777
87880 284
7175 284
83048 284
47990 425
37857 425
29089 65
52890 682
51309 425
52578 425
81672 340
52567 284
49128 682
80023 284
71980 395
51401 425
44626 832
33515 97
90857 708
47709 555
44722 918
43955 607
35054 555
31867 340
31794 340
1786 19
8290 284
88734 965
10925 764
94101 19
84764 97
29451 113
18393 832
80218 515
40801 77
26750 77
39781 400
29914 400
11906 400
5551 400
94903 400
39199 169
94736 101
94735 101
94305 101
94304 101
72783 169
3752 801
90877 801
91092 113
84621 109
85484 198
5303 708
77663 708
5234 456
83362 607
87615 607
82862 607
80847 607
6383 626
19301 832
20535 278
14913 202
93337 708
35240 86
92199 797
91448 26
28653 203
89823 708
3941 19
83051 147
29753 284
1779 358
35800 950
79253 395
1035 345
95081 284
94022 37
94422 425
74870 81
93810 340
31239 16
30963 183
78888 113
82198 832
24443 202
36426 472
89876 400
73650 113
88700 764
83215 532
9888 437
86884 366
13900 340
66672 472
78311 555
84617 708
5632 284
80845 708
74317 86
75944 708
81755 298
79962 832
77614 708
6116 89
74209 169
69421 169
72249 437
25885 100
67175 100
67176 850
26481 100
1559 395
71641 100
35026 555
18974 169
40088 284
66789 284
22537 853
63769 219
30661 832
22665 284
35205 284
36172 341
27543 26
35785 226
22915 284
17438 708
25625 219
30178 284
26099 196
17911 91
26144 574
23095 284
14654 832
18678 345
37561 801
319 284
40640 801
90493 169
19943 283
93686 273
3974 284
26065 41
24821 731
24593 284
78612 149
3807 273
30882 273
94666 612
53987 381
72420 243
52089 358
61000 364
91724 284
85117 237
46706 462
79622 113
30416 279
48292 819
40143 19
2450 145
79659 284
72040 157
65791 235
258 237
5877 276
12617 249
1899 904
74848 19
72284 284
64203 771
85357 6
29432 145
19159 169
13994 612
4026 246
94146 284
1362 113
93849 632
7065 284
23743 495
90477 477
64204 972
25841 41
74868 219
16371 674
27810 665
711 34
83338 12
33224 34
70589 243
34853 131
1052 358
5760 433
37187 93
63245 340
91357 19
50051 69
23117 394
23301 169
63661 906
60953 284
60907 736
88290 284
17136 690
12978 690
40393 47
28477 893
53951 113
49542 893
47015 284
35604 797
50217 413
48864 930
32617 34
70821 358
9116 797
2403 284
24096 593
40624 284
44413 253
9073 202
70598 19
29332 229
24334 169
15835 750
24380 19
32627 750
37505 284
44870 358
11106 284
74220 803
25940 19
6067 358
11988 571
30331 589
18724 284
89601 284
43282 43
80760 578
1716 19
29423 246
33696 333
91116 358
83044 284
35808 41
18210 284
24909 893
66319 138
37690 284
84172 284
71518 284
65191 284
21121 580
25395 580
4216 589
73688 832
95542 358
95589 950
94600 113
92680 348
23057 284
5878 358
40445 19
73956 130
37992 113
1592 284
2233 41
79839 41
81611 575
6109 887
32356 113
83961 41
38634 340
25669 54
15662 128
70590 19
80781 47
80813 19
72584 284
69852 194
65628 109
27064 358
28326 113
92602 130
29978 66
31141 46
5167 42
4527 330
7401 284
88760 930
89561 284
18773 916
6086 19
18123 194
23137 358
8288 825
90112 19
89147 221
83755 284
1757 19
69801 210
1702 104
1270 419
37440 0
80514 243
76883 916
12764 163
79517 358
79060 191
73104 284
33727 358
24277 288
6224 887
3813 43
2746 358
15536 243
34156 130
1949 593
33284 97
33617 243
76282 148
81077 452
61877 991
18454 207
35003 756
2041 206
36437 20
48506 284
492 243
817 832
38352 358
22032 90
44573 284
50718 284
90709 930
29137 20
49767 41
6171 452
22860 284
55609 284
453 965
51523 158
34046 41
80251 893
62491 233
71317 358
34209 355
12622 979
32693 575
66425 368
39623 45
8381 437
86984 472
91573 437
4334 521
86879 312
81477 657
12009 113
88317 893
62697 207
51648 358
57896 246
91939 358
40853 97
47718 358
43148 355
90683 589
39049 19
92310 283
84627 243
17296 284
74594 465
9161 19
20582 19
347 34
65792 460
75903 832
45139 22
4521 34
1943 998
23477 688
7806 638
95215 574
23649 185
4739 895
80575 345
90413 425
54664 345
24807 345
70407 507
9820 345
11316 345
6255 351
9908 34
2937 900
20711 507
36359 900
23359 936
24233 169
23028 492
6387 527
1743 77
402 77
12872 278
9521 278
416 472
85619 638
75002 381
25382 433
25133 433
71330 575
4683 575
14040 200
74856 900
80665 284
76341 900
72423 791
80827 121
5092 638
40280 34
85301 253
9108 276
68321 688
1337 221
8592 688
39956 97
53917 284
10423 801
4875 358
95256 893
41400 575
12657 175
79774 832
75734 633
4215 835
85004 607
71336 835
34638 575
65969 26
33115 667
36582 667
35188 667
12386 19
33993 26
12361 465
23706 465
76250 243
188 284
14019 330
75572 254
81203 34
89557 284
18049 77
67650 472
18032 91
67648 175
18031 173
26356 168
71190 6
738 34
34754 6
15670 689
23767 284
18594 575
741 660
1177 575
10650 284
33595 109
36931 340
79924 284
947 97
30763 39
26122 284
9124 690
36694 19
47889 358
1388 284
2468 5
65828 6
65639 6
65188 727
63554 6
58298 284
61313 6
63022 246
59013 246
59890 6
58007 893
60535 284
61927 6
65271 340
64924 708
65172 918
64891 358
65408 156
11690 141
62887 6
63219 358
61147 345
64768 462
65121 122
62105 284
61145 284
53159 815
16792 228
54590 6
62605 358
61609 358
48023 6
62392 776
61749 412
62730 413
1485 5
68865 284
57089 6
58612 6
92808 893
62991 184
63032 358
63102 33
50177 32
58919 589
60795 138
60843 6
61942 358
55384 6
60358 26
56535 33
62155 49
62517 334
62987 345
61713 284
62640 987
62933 63
60807 156
48251 6
61292 345
56336 6
60099 345
93650 284
7112 757
59743 6
61741 6
59913 243
61344 113
60970 774
84257 6
61788 340
61613 169
57662 6
53777 184
60962 374
60222 32
56262 44
61532 222
46527 147
50548 184
60012 32
94958 284
60776 900
58896 131
60834 19
47277 832
47348 832
50519 284
60496 284
57449 49
8988 683
60271 284
60433 6
58244 836
56568 60
52180 799
53165 19
57950 19
59585 25
58898 344
41027 184
57940 6
58160 360
58873 930
10913 284
94945 284
50401 485
59086 6
55895 589
50386 345
55894 589
51189 684
56949 987
50969 145
57835 63
57681 875
56051 63
55844 284
57083 508
56817 509
52003 659
56774 508
57461 61
4775 539
56327 749
57623 19
55860 297
53649 284
45243 334
55052 276
49635 5
40212 123
54781 6
47000 345
56306 243
49999 113
39442 6
55666 243
75374 135
53868 284
53914 77
54998 19
54444 589
47853 589
55095 373
51506 500
54113 284
55108 184
55697 243
55717 284
50404 32
48450 284
54413 209
51138 6
4561 857
52852 383
53729 916
45195 972
51289 360
46736 284
32526 900
53482 19
45568 809
53371 683
51415 135
53437 276
53290 893
53132 381
51533 284
49537 632
52425 996
51429 928
50023 233
46808 63
51163 345
50576 918
30106 185
48503 184
50446 589
91898 880
51313 284
49170 381
49975 819
46616 284
49410 198
94424 6
48987 959
49692 145
46220 33
49076 284
49034 190
48485 63
37267 606
49282 284
44875 345
46813 708
43259 243
48859 284
44616 589
46807 63
48484 589
48277 184
46074 404
45591 589
45009 210
46552 819
48680 345
46756 89
82115 130
44544 113
91901 130
88893 284
43380 589
44092 509
45451 32
46655 122
43984 284
45751 43
45059 584
39567 801
44243 246
33689 436
45325 43
87418 6
45566 41
45981 63
46028 184
44181 470
37827 297
39243 169
42795 60
44417 280
43096 243
43081 385
44082 285
66355 284
45820 206
44397 246
43923 284
44885 996
44237 501
86731 574
43290 120
45423 6
43084 243
44152 832
43695 358
43292 43
88873 358
41632 276
43601 86
26814 284
41778 284
44057 381
41191 42
41780 656
43333 33
39570 6
42488 815
41367 109
41359 246
86729 298
44279 6
42823 130
39873 158
42604 338
93710 358
43136 114
40033 345
42623 381
39577 284
85122 284
42392 6
32999 41
41794 930
41143 6
87395 819
823 284
86728 298
42410 727
7480 358
90596 340
29812 156
39565 284
86190 298
41189 6
86181 298
40582 686
41181 511
39105 198
39618 108
92927 819
41151 794
3916 185
33947 184
39353 13
86101 185
39615 284
39411 169
35889 284
37624 635
39590 6
39239 530
38920 206
80038 727
11599 284
74263 99
12144 448
31289 16
74475 771
37695 875
31285 16
84419 345
28874 893
31288 16
38594 12
11600 63
31283 16
28223 63
37976 930
31284 16
28873 358
33505 131
38219 284
29155 44
31165 16
29422 893
32541 345
31286 16
31290 16
29156 815
29323 261
28842 26
37957 109
29573 32
11652 284
77182 492
29941 175
29940 651
28795 184
32144 893
30287 345
27139 632
29942 472
11596 632
33963 397
30696 284
33498 893
32411 595
29943 472
30949 345
30124 5
32448 246
6731 284
93654 222
30484 108
6474 589
91561 413
9345 688
28238 513
94646 632
9344 920
94943 25
36045 345
87045 243
95834 683
4528 364
30547 284
30128 916
29314 284
30006 6
28706 284
28407 714
29202 201
30278 157
28126 922
32544 233
5652 40
8343 113
8982 266
65077 414
29657 832
88423 511
89711 167
27017 727
86160 298
86182 298
27020 13
86183 645
28218 688
29683 765
35735 765
5223 285
4601 401
7408 404
7598 236
64726 184
69420 284
4581 13
11450 113
94415 893
26700 358
8463 42
90579 413
4293 887
27028 848
11940 131
27030 832
87835 243
89424 86
26781 233
34417 358
86913 612
5605 345
94718 284
5672 360
5045 401
93135 589
26712 13
63880 113
88106 284
8486 25
27063 13
65072 184
87042 63
7910 109
92893 284
94363 358
4342 42
10571 94
6020 832
5894 585
89065 832
91379 109
11472 284
86552 832
11989 992
5109 900
74962 887
89762 404
81612 94
90955 44
5690 683
89948 832
94119 374
11087 167
4910 893
7640 284
7105 284
6976 284
74601 893
11430 589
5633 109
11525 330
87834 184
84941 145
81617 284
8366 233
93819 6
88780 638
7539 284
70652 832
94582 148
92358 109
95787 284
80507 198
94967 589
4043 284
5111 284
6962 887
64544 284
9600 893
4219 284
2120 131
87520 477
89959 500
17978 26
95281 500
86204 815
93566 768
92816 44
91383 130
92129 284
86311 70
78464 996
14473 530
7914 523
23816 523
31969 109
8068 139
22371 86
8153 523
27997 139
67068 139
65134 139
83495 139
6126 139
23461 358
19172 358
13093 139
26307 169
2087 523
573 523
33536 523
33629 523
9931 523
89938 139
23751 139
87102 139
8334 139
42731 358
2191 523
15638 109
7139 275
25455 448
53027 320
11861 243
86299 284
18046 637
39761 358
89426 148
47657 284
55514 200
32584 472
29068 368
46123 448
45619 60
42369 448
50365 148
47471 662
55989 962
46554 662
55288 66
49585 448
38034 732
70002 758
46555 662
11816 358
41343 47
42677 662
85785 224
82078 284
42360 263
29536 956
37685 229
18056 801
23313 575
39874 801
87674 284
40356 662
40052 448
29067 224
18953 224
1114 60
39686 206
4998 495
79994 648
90228 495
82967 944
88493 284
26873 66
81258 224
90841 60
10793 520
73152 887
86859 381
71474 284
86604 708
1234 175
5205 284
84974 224
90278 987
73151 284
5892 284
19241 689
88432 448
80623 950
93979 224
18118 551
18459 224
17338 224
19626 224
88709 222
3616 224
84161 60
74710 448
18037 224
77076 60
25349 224
81557 19
84957 689
25602 60
84516 60
77436 224
77434 243
77433 224
32495 284
83998 662
23636 45
16117 45
87191 465
81271 509
32061 662
1009 273
25622 284
17113 950
4754 90
16284 472
14981 495
71072 662
57830 122
87152 880
50342 388
35462 254
60264 607
56490 699
4575 815
33884 893
46575 388
46690 158
48568 607
5727 436
78299 184
43452 358
40929 593
53210 41
53251 273
39231 950
84504 254
70335 900
93422 156
48514 284
47226 632
5929 6
81020 20
35603 777
46030 6
71952 262
45410 511
43837 284
80639 157
43094 225
14715 284
42215 714
82816 340
74676 764
3030 200
40792 340
76897 607
83493 243
77053 41
88786 20
30883 443
28359 443
93247 589
59755 443
4015 340
66608 577
80171 20
5310 284
85415 621
83691 358
18926 284
89071 893
809 284
67931 574
36577 509
17692 638
17367 19
64329 330
88989 276
6176 34
2022 284
23205 90
13412 714
24196 345
28644 19
66064 39
3306 243
71249 47
17600 358
22011 117
37578 394
5956 801
95619 183
95618 935
30026 243
10005 695
14592 358
30379 934
14588 92
17511 145
12537 26
15456 26
15423 455
34348 340
73072 199
80916 284
17156 284
36588 284
70104 284
33394 622
22641 825
53120 113
77397 233
6178 492
66207 893
86914 284
86916 284
61752 222
49055 221
90390 848
90988 451
83286 358
9006 6
70862 943
1547 19
65189 606
85811 20
14974 243
45955 499
29565 413
86674 145
2260 583
88572 286
2625 284
26103 228
4934 626
78078 735
57465 202
88857 109
63698 284
76348 448
18828 284
74312 832
68355 284
34982 284
17326 185
13813 284
6112 284
7978 509
1390 917
496 284
63151 19
95273 138
58187 832
55904 320
55607 320
10010 449
55464 449
52204 449
10785 987
49768 42
57243 888
52853 521
12071 160
52832 521
50770 521
47292 521
34744 34
54948 893
50637 284
53465 826
92887 407
70398 368
68386 472
27146 472
53480 312
34620 472
37325 368
35969 368
84375 472
49303 366
52710 345
50009 449
44815 183
94417 472
89556 129
77019 843
44226 533
17678 472
41981 284
40011 190
80460 400
11062 246
31126 340
86673 893
48176 632
38939 19
33433 449
15574 340
75855 893
13468 731
33089 303
6221 283
1807 283
6370 283
60482 997
60429 123
54360 86
59118 281
58262 284
58261 284
57272 284
57271 284
60374 358
57852 358
54894 358
51615 358
49529 358
21754 575
64063 6
53194 32
409 330
11086 284
20249 79
21031 79
83571 358
80634 358
84881 470
75574 575
5001 20
95018 284
50147 11
65719 243
22430 6
45010 791
25402 593
3804 360
27269 183
39738 575
46296 270
47099 270
94788 832
93199 183
42781 358
89323 11
43733 832
48134 243
72407 708
44651 63
94497 930
85023 183
89953 919
48192 358
44723 672
44934 791
70607 15
83793 123
11268 630
42160 358
47757 448
2079 358
47737 935
45598 358
66364 32
46622 575
45720 448
74691 626
9250 6
43735 791
32926 358
43996 632
4666 438
44936 284
30033 6
45156 284
83456 217
38562 25
80557 640
41502 221
44958 358
30030 667
70847 19
86616 358
75108 672
75310 19
77077 413
44374 385
11107 667
95234 284
85963 667
35862 113
69949 183
88360 358
22691 243
22295 243
32546 358
79152 284
39015 355
38841 26
5445 358
79846 271
75758 801
37639 248
38825 243
86483 987
41217 487
41218 6
37669 75
29701 61
29999 248
66760 509
26782 473
29936 801
69797 184
37986 463
75272 62
22350 575
78634 284
12145 448
9034 690
79916 135
16383 935
8256 284
19796 690
13648 884
19660 287
35904 498
5900 498
88614 472
32571 11
29061 935
24852 6
5573 243
29934 801
16315 191
8 407
23100 284
16382 801
69749 243
28838 129
92479 123
2903 53
29060 935
9117 175
26858 682
30423 284
29714 6
29715 781
2874 6
94991 943
5957 388
19458 943
27003 683
5135 470
78662 575
94719 248
5752 749
1696 43
11105 801
10136 270
86152 191
16059 682
94553 45
81601 6
5728 801
94585 25
93208 340
11649 10
15071 183
73706 32
15261 243
2557 11
13924 935
64808 26
34640 32
82885 801
83640 284
67670 26
79575 62
30590 32
83744 62
78801 374
22130 6
84913 41
68500 129
74684 990
22129 492
75226 509
77429 759
89670 51
76092 233
23335 550
84352 284
30577 801
16544 597
76075 138
92167 51
82264 358
79514 11
26396 284
72953 243
92135 248
18289 358
92349 589
6082 19
14849 714
35948 109
86881 169
83679 44
36709 32
13333 70
83857 470
971 330
25854 492
81348 922
23973 284
87088 6
90194 638
90999 284
70918 801
80091 4
84645 6
77209 284
1808 243
23925 284
79443 695
83788 284
75539 276
76594 169
71175 275
25586 123
86399 443
588 123
17813 243
19883 472
75920 60
13839 60
27475 11
30182 180
78381 11
76525 893
2035 34
32520 243
69773 284
37013 284
74366 284
33535 41
73494 11
64284 284
74175 284
70144 879
64748 77
17019 284
63979 368
19009 32
72439 589
8238 593
64797 284
40122 185
34378 470
6479 920
82635 920
12153 129
89174 920
27493 920
88392 920
93429 108
15826 284
93099 127
4793 920
77124 716
30933 920
86748 108
5237 108
93708 920
84940 108
93715 159
79953 284
93788 19
83710 243
27540 104
768 470
33385 104
74075 185
28508 832
69020 243
2552 330
54468 169
28904 358
51579 695
49420 6
40994 281
46085 284
38023 470
42426 284
40634 358
28189 6
13926 935
13928 935
90930 284
69333 641
70359 969
38106 19
26193 284
74961 284
1023 253
95541 360
92697 680
37372 969
26214 19
18804 801
86210 809
5265 284
94036 221
94449 477
3721 63
87611 19
86159 19
17489 8
30942 276
94335 665
83592 6
87974 880
80643 880
88377 695
23824 121
31422 814
18909 256
22487 509
23954 814
81785 477
77324 330
79439 695
76433 695
67379 203
71692 320
53993 246
52441 345
53991 345
32281 244
78630 284
15382 207
6131 727
39178 801
18522 19
35389 366
1328 987
32698 475
15356 479
61164 148
59069 148
41166 62
30170 667
3665 667
60372 66
51555 275
58337 189
11204 893
12020 893
12022 893
12019 893
6065 893
6064 893
42046 667
86214 66
77196 66
34121 667
44932 667
43098 667
6063 893
3759 893
59280 580
38851 275
94634 340
44454 922
11478 667
51960 62
54149 62
51590 667
48065 19
48470 667
49554 667
49553 667
56129 198
94849 893
49084 667
48196 667
94979 893
74543 19
71178 19
64540 19
34930 19
30592 19
25639 19
24055 19
46891 275
24287 667
47443 284
39474 667
32502 667
80281 667
76267 667
71004 667
35813 667
30776 667
39824 62
2121 198
91276 275
40290 275
34379 62
93091 19
3535 932
94574 206
44840 66
43921 19
83046 66
91528 66
12425 77
18401 19
29020 275
9356 275
16603 284
22362 709
35563 275
76397 19
31200 284
85454 340
95820 893
72281 243
11279 893
92672 77
94714 62
17443 19
17884 19
18416 19
300 19
95313 455
82805 832
16855 138
16907 138
80310 138
35929 275
74959 198
6409 832
29017 66
89112 62
70667 893
79943 509
7706 284
73363 19
31491 19
8755 19
21190 19
22670 19
15440 19
71645 19
71398 19
78627 996
86858 19
35408 340
69596 922
26240 19
5827 128
28593 198
21895 19
7879 198
64800 19
93732 19
87379 340
75271 303
63989 340
3343 893
2244 275
37303 893
1372 345
34056 275
81603 275
67178 275
9640 612
18487 19
73908 612
37435 185
18621 345
18002 893
51647 70
45486 113
13751 376
82189 840
44167 714
45308 6
90332 284
70436 604
38946 169
2317 233
84521 801
76656 19
6035 113
89354 652
88178 987
1911 284
68169 266
14647 714
29876 630
17546 228
65279 98
58535 360
72242 930
49776 184
61842 184
36570 122
61850 4
65186 360
61844 350
62558 98
63074 26
64896 98
88585 98
63261 445
50346 184
61645 284
59943 360
63217 184
63027 43
45260 360
62363 61
35922 930
71925 589
61754 360
62330 445
57930 374
44960 122
46925 374
41634 184
1396 98
48952 445
44450 360
52580 184
32870 233
61285 508
57096 930
53128 589
69144 61
5782 122
41186 184
79690 360
4937 955
61591 26
61049 184
54104 293
44654 445
53119 293
33510 184
3506 623
61101 293
46537 508
59827 508
30042 321
51931 374
59944 698
56241 33
60855 98
48833 445
60755 930
33509 623
23629 184
47871 535
53310 4
35984 720
58135 26
44267 406
38463 184
45588 4
51225 374
49701 360
57934 589
40767 930
56427 988
80521 184
29562 297
57254 589
29693 360
60314 293
5100 360
92404 184
84078 930
60868 122
49949 374
60367 738
55001 623
58465 832
33809 184
41295 33
60500 184
54035 589
58852 930
59572 33
52595 589
36074 284
41154 926
46930 89
84938 184
86274 184
43846 293
43442 184
55115 184
56729 276
48074 61
44735 184
34708 122
42074 930
76321 930
57868 508
80803 98
6961 589
82154 589
54812 245
7300 397
38644 374
42824 130
9990 184
46393 589
52901 930
42992 360
53791 589
32424 5
56475 445
6925 589
57853 184
49680 589
94257 589
49468 445
92773 680
54903 169
47711 589
85112 169
49961 589
38649 623
57288 98
32869 184
8405 680
46144 589
89414 184
30960 516
63806 589
45565 930
43713 184
3824 589
4936 955
91647 374
71912 61
42283 589
57859 360
47068 589
810 253
35950 5
74205 516
54443 293
55158 33
64421 404
87820 589
41908 293
47102 589
30438 899
4617 589
92210 589
31632 374
17809 930
64427 404
11802 589
42279 589
33320 184
46837 293
34052 930
5788 293
64425 404
29835 297
82692 680
54263 445
45489 5
48563 589
50304 284
45179 613
7227 117
5958 589
76693 184
2288 192
17761 13
40189 184
79347 184
88246 2
3110 458
83049 374
21884 374
39002 5
52210 89
24001 626
30325 930
48713 5
30279 930
42204 508
25881 184
84677 184
93248 589
54055 2
43286 13
42281 404
29376 2
6914 406
54320 930
2162 508
41786 589
47710 589
50938 33
43517 930
35080 184
49977 33
1662 184
46708 293
85116 266
75100 832
37617 988
42088 122
44901 930
16446 98
29312 930
6868 109
9500 184
88800 887
70820 297
42593 297
5232 508
6040 508
44466 380
13766 887
29818 508
39519 508
5715 425
10085 406
14925 680
39220 109
24075 395
23613 109
65618 665
86117 483
26039 483
9051 41
72453 206
74267 750
67960 34
25467 395
1698 395
58717 19
13927 935
20320 575
4217 887
42713 918
176 19
4236 284
553 42
463 832
16730 501
17943 659
65537 340
59144 42
65479 340
65110 6
48715 202
6858 104
47442 429
63297 358
64675 832
72422 123
62367 6
58786 358
75871 63
55145 284
61496 93
23377 285
53903 395
50611 243
41331 801
53761 692
25300 158
51459 156
71313 477
38748 614
11468 113
13056 246
49160 284
83285 574
6191 797
12889 164
6646 825
14962 284
94982 246
92895 929
22117 284
22211 574
92165 51
80180 274
36336 284
17230 264
9121 690
7932 284
85957 246
81374 284
944 366
24796 54
79877 169
92529 284
79925 358
75661 358
19376 264
21915 753
56884 328
38847 328
37502 557
31527 847
28130 328
11248 328
8942 328
7355 284
5058 25
40942 243
72885 805
55111 39
94298 243
36516 284
69707 371
2093 343
24795 991
10421 801
34716 998
1579 206
80368 509
72660 284
87398 555
69257 97
75898 169
1704 812
87991 731
91686 413
91440 11
32471 472
35745 284
8628 372
83014 330
28712 11
72810 11
29347 6
94403 191
3370 11
86461 71
2116 448
79519 122
84511 540
81556 11
79969 11
84971 11
31473 71
21738 71
5064 11
5947 11
91132 131
89833 11
27399 6
78480 71
8782 284
92644 39
91963 71
3371 11
66102 11
74547 39
93287 71
79382 71
71113 39
4782 583
1227 207
26068 210
16377 19
22676 887
84942 248
83677 358
7513 39
88851 148
85180 812
91637 203
71514 71
86343 71
7430 11
86344 39
95458 39
3580 6
86455 39
85702 775
80408 263
24958 263
78885 191
95607 11
83551 240
24964 263
85052 284
70933 284
76901 371
62111 19
40308 832
22655 501
85113 434
56769 6
95761 740
44191 256
64892 284
62078 358
61875 421
61627 6
59794 243
60827 290
60714 893
57641 996
57103 19
18900 749
55194 893
55568 921
49734 109
52367 138
45957 183
45954 183
75268 26
33552 243
33514 243
78584 911
40206 472
17576 749
357 345
29030 472
4332 472
37284 472
28748 169
26653 381
88492 38
24721 284
91021 764
24340 832
22630 38
68129 38
78387 169
34997 967
85906 832
84387 887
81377 832
14954 38
22871 284
78000 19
14584 989
35962 832
35665 530
75414 812
28546 38
34085 233
35759 89
70990 6
37186 887
34065 38
5152 887
2168 381
24398 38
6277 109
6599 109
943 996
8822 832
2242 395
982 169
12879 832
13496 109
6595 19
641 358
8539 169
3040 725
3139 13
3498 38
39418 448
24885 575
3689 353
86713 345
76850 206
54165 138
61551 284
59618 996
57476 284
50148 601
59287 284
84353 4
50140 284
40421 284
70025 345
48950 113
50326 323
45590 350
45836 77
42148 77
32620 233
81242 277
93730 358
86097 555
72668 284
6927 683
90258 372
88351 916
85115 350
79598 401
19074 77
206 765
8972 284
1517 253
17765 284
74295 801
2371 280
218 470
544 771
5739 243
11099 522
62713 605
63052 437
78853 91
88689 19
84662 19
60401 605
78568 191
58516 605
42000 18
37582 605
79995 605
72091 143
72090 143
44855 174
44857 782
46047 782
44732 782
5826 605
86752 605
76111 782
4114 18
82768 782
3515 18
72410 394
79430 394
70044 394
82933 937
76910 394
92487 148
36510 436
8547 550
8544 550
89026 605
37092 148
34682 18
14018 550
9589 167
11485 18
1575 104
28314 109
42119 964
57300 26
94707 724
90694 158
53965 284
90850 284
17166 469
79620 44
1279 276
516 276
19146 77
69190 358
23892 244
19908 169
52206 686
61241 345
6980 828
3591 479
61374 451
59990 147
37671 40
53779 34
59286 345
58918 114
48765 893
88374 626
34203 94
33088 94
77419 94
33070 94
81874 829
16734 94
73873 94
22653 94
16729 94
73991 94
87020 94
16737 94
73992 94
52119 19
73995 94
14866 809
73624 651
82177 34
51829 117
40301 46
5475 185
81866 34
39437 345
24002 284
57 380
53834 345
54353 708
29919 380
21532 380
28655 380
55045 345
95846 479
49195 123
45589 123
50197 451
53528 451
7530 243
89532 243
45294 38
91237 832
95845 479
88657 349
49157 40
29244 451
75209 832
85269 19
33560 688
17737 40
81428 345
87400 147
40049 358
45296 38
35645 123
33373 451
6554 451
6407 451
41352 451
5352 253
42622 345
79469 123
80520 231
2484 123
80999 123
33228 875
29887 936
1591 893
85524 345
40418 34
19523 865
27494 380
80761 900
84216 832
40080 832
29440 113
90426 947
90305 832
41243 345
91247 832
94309 162
16702 284
5364 19
40082 280
41028 539
88956 162
87397 123
33432 284
1955 198
30363 470
92214 123
85003 123
34948 40
72421 123
87836 123
83794 123
82611 123
77883 123
86830 284
28419 345
95219 345
74869 219
91140 239
80828 239
93118 19
4929 626
86207 451
24917 626
29909 936
4930 626
23304 345
74904 626
80905 809
24419 539
84291 451
73644 40
5194 40
2202 764
95435 345
91441 6
5888 40
81462 345
84424 880
90307 964
90706 555
43642 243
86330 764
89242 801
84129 284
71185 893
1963 243
82637 943
77613 832
80881 809
36978 345
67262 141
68027 345
1593 914
13996 6
18708 340
29967 6
27669 358
51059 6
5856 388
59883 77
91820 918
79017 509
79418 32
19702 509
90513 284
21167 805
37193 957
89703 764
13845 79
2850 284
17128 345
6405 6
8310 90
65720 244
74291 113
25999 284
79836 284
93499 284
88177 284
89002 288
86664 284
68325 32
25660 284
85548 284
74998 42
77533 42
34664 47
23596 797
18366 797
18630 26
36566 207
44922 243
82308 276
46014 6
67319 6
91264 330
42862 583
88892 893
39541 364
6094 141
94509 455
10422 355
6918 407
16295 19
91398 462
16988 455
22080 77
8890 54
22077 337
2870 19
18433 727
9141 19
7759 19
24234 179
1822 145
92884 455
82533 191
8307 12
8683 19
28568 145
35246 199
76637 455
26095 384
17539 145
1845 19
1252 243
83960 887
2543 470
30927 179
9928 145
47 243
83959 19
63993 455
76457 145
5201 145
70109 26
26477 26
94847 26
20341 455
16776 169
16539 801
24654 462
23109 158
89802 355
93280 19
76408 41
6539 243
21933 337
70325 145
82613 158
19236 145
14653 794
37113 794
74200 179
19179 455
78744 243
14032 145
14436 243
901 337
43 19
1620 337
15768 455
80271 794
30766 145
4855 19
454 233
15112 54
15839 54
21958 19
64040 41
20554 195
13843 54
28688 145
22351 340
29711 158
1904 243
26155 145
26053 19
1452 54
86002 284
93209 284
83293 815
49219 169
38538 607
81923 607
78265 607
32671 607
80512 607
48587 607
50629 607
22141 607
5182 355
51919 340
4894 607
86289 509
10808 731
86333 511
90448 731
87992 731
82331 234
63902 873
64307 284
67346 41
67018 284
67271 731
36891 284
37439 731
24665 395
14162 536
28738 334
16867 246
7236 632
33553 340
94225 158
95520 413
437 34
71322 284
70709 284
77926 358
19006 284
35896 284
74248 872
66293 452
27654 284
73643 345
71028 284
26041 358
89529 138
10783 70
80692 499
12762 194
25368 217
15070 312
33342 893
80703 188
829 244
76921 243
30872 708
23761 138
28755 752
11889 465
12648 284
15027 345
128 465
2463 138
8254 465
59492 77
75576 6
23818 19
3469 185
38761 243
95439 470
7219 862
58192 26
58193 284
58190 284
58191 284
62732 243
60110 6
44451 665
76967 32
47781 246
75391 764
45595 358
6604 284
35224 272
18001 79
22546 69
29439 801
28686 246
14919 805
16731 284
89536 965
67671 222
33532 358
18563 20
72335 6
45022 93
45067 571
45066 921
25255 880
21166 659
42967 77
64316 801
84706 128
38637 390
73641 470
80940 284
1772 272
22269 825
81089 262
36997 13
21172 284
13076 978
12052 887
28647 6
86453 281
15084 300
338 515
728 284
14152 638
36155 93
178 185
714 13
92322 695
80337 199
71738 178
15277 6
2475 284
69690 918
33129 340
70116 825
74903 225
66475 470
1032 272
12806 358
848 358
9155 366
1398 284
3024 825
9115 690
4540 638
18857 77
853 77
8093 284
34497 358
6212 470
44705 470
77690 604
7901 714
12102 477
343 221
21092 807
32066 807
30945 638
83590 413
5285 413
31827 807
24 807
7696 406
14601 470
93239 470
54971 284
92182 750
82587 86
1319 768
11936 284
42511 284
3696 364
54905 768
86569 768
53733 37
49673 768
114 284
88688 284
79471 20
79879 41
3432 20
52462 284
52427 19
75022 20
27866 34
38797 210
71506 284
79362 835
68146 32
21843 674
65957 284
67417 448
85025 607
82188 575
90856 191
24605 437
30673 200
90861 371
54298 809
17003 893
44848 893
14561 665
4089 809
29764 747
65975 472
31117 191
71018 801
13500 276
36713 918
85010 345
58909 284
14348 135
52083 276
38001 323
15859 323
3351 470
4323 690
2476 470
3993 246
16768 42
49804 243
20160 42
3125 284
73103 358
71720 539
79942 109
33616 465
192 832
18398 314
63531 314
9010 322
61819 820
816 314
62250 314
62255 207
87190 965
87319 345
61592 207
14743 283
59145 965
86206 207
1152 56
39434 207
3431 395
12876 221
245 395
44357 207
41798 207
39067 781
49301 207
19138 34
43446 207
44724 283
95191 714
71180 34
2018 256
9549 221
74616 801
41165 284
10437 794
17556 395
16945 965
1182 406
18834 19
525 272
27523 19
22579 395
9118 690
837 750
1742 750
31114 750
1813 809
6420 284
24553 264
78295 575
61117 470
56850 284
50984 284
62899 987
45826 268
80485 887
44472 233
56728 284
51315 470
51936 987
86758 244
52172 987
17721 109
58153 470
44912 284
49096 122
48529 470
50737 169
44706 470
90670 188
41860 26
93720 623
28898 26
28896 26
28900 26
48241 987
45893 470
45919 987
77072 634
86099 284
10795 198
35158 284
12112 284
6032 972
91825 233
86061 683
3917 284
3758 26
91931 188
23050 972
18986 470
18985 470
75494 256
75495 256
93421 683
23227 470
71780 634
752 634
84279 284
80619 284
1352 397
80807 244
37432 800
79080 284
33006 688
79645 284
1018 623
23772 397
69932 771
74862 887
6038 996
29438 832
14334 695
34920 290
64430 686
23969 244
3863 276
24908 244
64414 244
24157 169
23846 185
19135 90
4306 253
34129 530
23845 109
24241 109
15247 97
2316 887
46096 682
30564 690
49976 148
49822 692
55700 692
29614 954
43560 954
53346 575
11639 832
29509 642
45968 284
42516 284
44858 682
6974 456
88761 284
45988 578
75908 284
62646 981
62245 918
63076 284
35991 276
34313 185
63099 284
63085 484
62566 284
60481 183
60383 246
60740 361
61123 60
53406 19
93775 987
29404 233
77426 44
10849 233
17170 284
91987 266
17182 284
48133 801
37581 499
8912 19
73313 6
87811 500
54704 499
30327 801
46905 801
47140 34
72443 827
24122 727
28496 25
562 206
18348 206
13042 819
39368 19
56292 991
52997 851
52559 284
42464 42
47346 234
47349 234
47960 141
50294 976
39207 794
44598 923
87175 284
46576 284
42396 462
95298 462
92949 809
95836 19
45349 683
41118 6
7607 284
36286 358
94428 363
30463 56
8989 413
92478 575
5264 141
3354 632
93074 355
92946 575
63733 284
79510 665
85909 41
84534 803
82547 887
17670 15
83111 202
19525 41
69642 284
80590 803
18799 41
22718 41
19823 171
77951 887
76575 565
74350 991
919 284
25151 297
783 991
7145 991
13199 991
1115 991
8133 991
1346 940
22634 665
69728 284
37202 41
66711 34
40103 41
66447 284
17661 609
14618 20
33363 41
34512 202
30847 452
34155 109
34717 34
14413 34
31730 69
32801 246
22688 284
59577 477
48228 345
52617 284
61566 22
75701 276
25799 6
44605 6
40374 345
17790 284
26531 581
44498 284
56667 449
59188 727
42282 686
71999 135
42280 686
26114 507
57755 276
46331 284
42278 686
11606 832
33547 284
53647 42
33500 507
91562 246
81190 549
34911 64
68066 440
88610 284
50981 918
70902 284
82531 284
91251 284
43641 345
32271 996
67419 143
11108 284
80830 815
38276 972
76565 832
36590 801
39777 92
41034 604
33271 276
36589 370
82629 185
18840 788
17524 284
361 86
6401 397
28018 509
80518 117
31751 345
34919 246
74795 575
2255 284
3869 715
1839 778
23823 570
33893 284
4202 237
5763 819
76424 448
94909 284
39509 284
12136 649
78658 90
71668 284
28899 26
12021 26
39275 284
6062 284
31000 479
63379 596
3761 284
94848 284
17163 284
17108 469
15940 472
13925 327
13078 825
15696 284
62477 669
48830 345
56487 470
47280 815
40721 345
37304 284
88500 345
86557 875
45217 785
33352 6
43628 61
77246 584
80189 964
44623 243
47042 345
55657 818
50048 381
45326 507
88620 43
46046 345
27671 284
25880 284
84271 507
74800 40
81056 109
60384 801
63078 39
48170 39
54941 692
58484 20
52968 39
54257 692
64140 90
51397 692
52326 57
47344 41
37111 20
46095 191
47275 649
47273 649
45659 692
49261 20
10884 607
42065 191
42779 26
29016 243
41322 801
42611 57
29014 191
40658 191
27972 692
17165 472
35155 129
38097 801
89351 191
80127 84
94583 191
37804 191
38105 575
35087 436
28470 649
28902 436
7438 801
94586 243
86944 692
23103 45
3835 129
6758 903
93459 472
6008 745
95840 174
91671 144
7878 472
72830 472
4731 26
26648 102
28122 436
11103 183
89909 176
92145 649
11535 45
92040 243
92562 472
29826 57
91696 243
3682 129
72317 472
8013 144
90091 368
88616 472
23138 191
80942 723
26161 39
95312 191
4971 438
89831 472
5785 191
91067 438
92807 607
85506 575
88133 492
72654 472
11960 20
66642 9
77515 248
95492 982
5550 191
94087 57
5549 191
87857 692
95703 34
94203 438
79518 436
5508 180
15588 682
81985 575
5695 20
68930 57
2922 39
26363 692
10743 39
4113 18
89615 129
95181 18
76715 57
74423 57
94543 243
6970 20
72471 472
89940 664
89939 144
6060 57
92922 57
84754 180
94746 180
80358 39
27983 144
91501 174
19988 39
4618 284
4047 39
17051 358
34339 39
92142 243
81019 20
5824 20
76541 320
91478 57
93866 436
94811 243
93020 20
25111 20
84629 243
27885 20
93458 20
92707 20
84086 20
92595 20
88998 191
92652 20
91522 20
77441 243
93252 20
85853 243
85505 243
15315 26
92792 472
91571 26
68147 320
69906 472
89173 174
78638 129
91999 472
89029 607
82953 191
81263 20
86309 174
88217 607
83508 174
78637 129
90435 20
81643 607
80129 176
75834 20
18827 20
87773 20
73646 456
70593 492
67231 20
83414 770
67391 954
35585 20
64034 169
79996 436
69125 129
75096 191
79070 243
71503 575
21805 176
1044 37
78386 607
79961 129
71945 20
79525 286
68276 20
1722 26
77377 20
75085 41
48392 86
17909 271
62305 19
62243 604
59741 708
57722 87
56232 129
44903 271
61065 386
58915 32
56386 786
93382 782
33227 340
59677 6
94323 169
57900 692
48026 875
51215 809
47023 801
71505 25
48847 708
54049 90
55176 284
71368 448
92356 32
43726 246
55751 233
56259 49
44892 386
56926 692
56504 259
51398 284
49912 714
54421 284
28825 284
89027 345
54332 708
55225 200
52123 948
54057 246
48790 46
47902 801
39945 284
53341 345
42780 692
48999 32
44277 120
49634 6
4873 303
46577 707
29763 243
40376 200
47448 358
40581 692
36072 246
44545 32
7637 117
48967 200
47503 183
48190 448
29729 32
41201 692
81667 381
88265 815
95791 32
79351 358
71869 284
39878 42
69201 381
91246 284
37616 988
39877 183
38462 801
95270 708
23033 345
91242 832
95436 964
14973 246
30527 492
26698 284
91248 284
33508 801
82529 246
4525 26
1260 97
11529 6
747 477
86553 988
5858 25
83930 358
81925 298
79844 89
82784 575
81924 298
93292 364
79842 89
95842 6
92508 688
93472 835
74873 89
31163 42
86302 6
74872 89
9047 397
90884 25
1479 19
83436 298
80497 298
77726 243
77661 708
79081 77
25596 284
74512 987
6102 345
69256 572
70174 298
22010 358
66354 284
80090 246
16468 6
72772 243
25524 284
24095 550
25024 867
24676 298
8540 176
10185 688
80429 448
23946 835
6859 284
7563 276
74737 233
73829 30
15412 395
9547 604
5798 15
19270 49
6079 284
64704 285
5847 568
86096 893
29290 848
6305 253
87503 284
22584 34
10476 41
55110 625
67957 448
57498 437
79651 261
70965 835
79834 149
74226 345
34874 345
32274 345
12476 6
91926 329
32832 39
44677 39
23221 406
61872 49
60737 801
51360 284
51943 105
50284 77
52436 6
51349 46
14243 528
45833 284
46816 284
45834 284
27199 344
27004 284
71722 555
35153 105
37288 888
35154 105
39038 284
11791 284
76629 371
94913 51
8038 51
4387 284
29901 436
33519 51
85346 143
82769 371
76222 371
28967 284
11815 284
7313 25
94912 51
3404 51
26705 51
29513 284
87414 470
87213 105
90526 338
92618 114
95707 44
90567 46
1953 217
26505 284
82942 6
75089 883
87649 284
88888 186
88602 378
87110 284
88203 815
76133 284
22424 284
25183 76
25683 284
33802 284
74325 284
78900 284
74720 284
25601 344
25355 587
35915 284
72092 149
71826 6
32920 472
65924 414
75534 963
75801 174
65925 414
31799 217
74398 607
1568 97
72354 358
36861 19
65762 15
69160 345
90741 812
57364 965
53973 42
29553 965
45844 885
18419 406
39414 86
42676 19
41977 470
37999 470
30556 470
12011 214
94069 472
83170 472
18402 472
67054 472
93838 284
38489 777
26956 233
91086 109
38921 233
85033 111
24955 109
8566 583
64861 717
64860 284
26158 39
91082 340
17554 15
640 284
65926 414
31060 750
30781 651
56202 284
60497 246
35660 56
15093 284
19191 202
31155 39
26621 202
8054 593
1134 593
3620 39
85244 34
33114 284
23888 182
28358 577
27581 577
19878 284
61984 13
16839 355
62439 19
87461 243
58708 714
61351 871
49091 243
57736 358
33287 125
58375 900
54331 19
4002 987
54145 893
91757 499
48215 345
84344 893
70138 801
36016 758
19239 146
23682 758
19529 146
70132 175
20140 758
15351 77
45786 206
87381 72
42482 60
32370 148
29937 358
93162 167
42943 190
38203 47
30727 60
39998 887
33489 44
40665 156
39744 227
93825 158
30158 892
30251 330
9308 69
83402 345
3776 282
77398 158
78618 936
63992 19
1074 630
34988 284
72211 358
73028 284
66987 575
14983 15
25598 273
24428 631
29508 41
6632 284
18733 284
23194 19
35638 284
14645 511
64998 34
64987 77
52465 77
10909 44
50727 113
47479 243
37100 472
9294 767
71825 815
11956 340
883 797
37277 174
93759 191
71669 472
85876 871
39125 509
86751 692
15054 805
29415 206
26868 472
26677 44
18500 472
23022 801
5587 283
85307 113
26322 191
81678 186
80749 186
22433 472
73830 340
34808 636
7560 284
21616 19
24362 254
66616 254
868 366
45311 93
30107 870
36845 20
73901 443
27668 41
43438 607
11070 594
66347 805
59920 273
78493 171
79667 801
76011 803
6298 246
64740 801
46669 801
24074 46
27944 264
60252 801
37344 20
570 26
6663 26
2420 26
6306 15
88675 264
19032 264
74738 575
24939 264
74796 575
24936 264
37442 26
37441 26
37443 26
35336 26
69439 149
73512 149
80498 149
81379 149
23752 149
32494 149
84328 34
88171 34
83467 284
79754 20
70584 167
69643 34
36890 34
71830 358
36841 495
22329 495
2013 495
37200 34
9769 19
42694 77
7778 501
46618 492
84663 835
55827 381
9296 490
43386 791
27430 932
50810 338
24797 584
1028 19
58415 289
90735 355
59529 109
55269 18
48201 18
8869 90
37565 918
90881 470
94688 921
47526 148
11588 575
11101 522
39182 436
89243 686
11366 357
4050 191
39531 183
5642 19
6988 174
88338 649
26898 714
5677 19
25646 276
90113 12
9032 936
16665 936
16931 19
87840 174
88294 18
77204 607
79612 174
17699 472
25361 472
16067 472
77612 174
24138 887
31844 436
65722 626
75086 977
11630 832
29663 75
17018 472
12874 278
18948 472
18740 472
16426 472
13423 82
17920 77
21976 472
19111 472
16346 472
21258 893
494 381
19109 183
34154 355
18698 935
14173 183
14640 183
22149 355
12453 183
12555 183
21011 183
10619 183
36161 719
71433 183
12757 19
13085 688
16937 686
24539 425
14635 425
10477 19
14620 97
2171 97
24932 814
3912 19
72431 714
53601 330
43844 456
68343 113
8457 164
77168 358
71650 488
55776 674
92183 643
64770 575
55078 932
58564 284
59374 448
48434 714
56264 42
55669 839
89353 47
93185 6
91070 19
54964 284
41646 19
8408 681
87607 477
35738 206
93969 284
904 345
90 284
35741 284
4183 42
32665 626
73477 358
6396 303
59985 284
35046 340
45471 329
38089 409
44378 358
44376 358
44379 358
44377 358
44375 358
32699 21
45124 188
33521 21
60430 801
60431 109
60476 109
49214 801
41043 284
40781 284
39769 284
39767 26
45956 801
42205 6
34950 355
34949 355
40946 935
38043 935
11104 109
11049 935
35420 148
22661 284
62745 752
12715 801
42117 284
26575 801
46654 105
52729 897
92779 801
36591 403
43185 801
28251 43
90885 284
73172 801
43132 801
69845 76
93668 801
94362 801
4751 26
30391 26
28313 801
78487 284
90855 448
80690 801
90854 448
19580 864
84492 448
31034 76
21099 801
70021 448
10424 801
93833 801
66325 76
78631 284
90889 801
88239 801
80143 801
94107 43
90879 448
90882 26
85601 801
75109 801
90736 801
71813 801
71814 801
71812 801
12554 801
85719 801
90878 801
88575 26
78625 448
87778 801
70693 76
81087 153
35947 76
37005 874
23178 105
84221 26
85794 801
14904 801
69787 43
69795 307
22494 913
71020 801
65601 26
35643 913
23303 448
34937 913
34869 43
17487 913
36788 801
66142 801
18550 26
32340 822
34444 801
17962 76
25053 76
16271 76
89525 284
46176 25
80285 502
16125 284
51517 169
56411 243
75764 284
2015 77
579 19
47874 86
71536 727
83400 19
40911 113
12186 987
95469 169
33974 113
7483 623
25616 623
24033 887
1695 97
2537 285
2893 714
428 922
90516 288
76330 483
79023 77
86026 893
85111 158
36866 113
21891 303
33372 37
17558 169
17072 12
35189 288
32914 284
7849 284
1097 996
88735 284
45708 228
39851 358
53375 91
47603 6
58090 358
49766 472
58089 470
62364 6
65456 264
41529 246
63790 47
57353 6
77991 413
51545 904
54185 575
95547 472
40852 542
51187 129
52664 358
69472 284
69467 472
69459 472
47561 472
49148 500
48420 284
47387 249
45473 19
27108 77
44222 472
94906 284
41140 49
39768 284
87832 448
10837 498
5903 193
92715 77
93758 284
4810 206
93000 345
68667 46
77010 178
83876 6
83717 203
90296 306
21424 887
34226 193
33460 469
33459 469
34229 469
34234 151
34233 88
34232 469
68851 6
89578 472
89271 498
89270 284
92609 6
13832 145
88827 590
90597 77
82015 77
82012 77
78966 77
67112 115
89764 284
88615 472
87885 996
31954 340
70513 472
61669 345
11664 284
46844 503
23045 284
15832 284
19061 221
57898 183
10693 183
75 243
42626 708
73997 109
69051 637
55998 358
86890 358
81467 358
59927 354
56509 358
58131 6
40867 11
89822 11
50173 6
42815 358
89033 358
55449 6
53447 6
40100 472
25246 358
22668 23
42867 358
52579 358
53829 82
32765 11
5555 358
37778 358
5554 358
93053 6
53272 6
84390 358
87040 358
52231 11
43439 358
415 19
15473 608
94547 358
73951 358
67708 472
26303 278
68823 278
49350 11
41969 6
49737 6
46941 11
49930 658
38975 358
49752 6
88329 6
41758 77
5298 472
87061 77
37285 101
48216 6
83875 42
40427 472
47942 472
44628 19
13977 487
34420 117
91208 708
82223 392
94786 129
69216 6
69502 368
72315 49
5795 49
79766 472
46045 6
71408 49
44345 498
1325 406
80083 449
86816 368
38817 11
5999 472
40196 6
35521 11
10852 438
91172 472
39093 6
91270 472
5556 358
33709 284
27154 993
28984 6
2933 77
11878 77
31858 284
88622 472
95491 77
31261 11
3142 832
7378 801
18754 472
93178 77
84752 183
70260 117
32341 26
33213 893
36060 575
14004 803
36595 284
18624 284
11602 183
68407 472
92103 284
25647 221
7957 19
25055 185
25032 284
74194 176
77175 340
7016 345
65948 113
1179 904
7926 783
28753 91
47336 284
95266 448
11132 863
16705 801
80686 507
34369 284
10235 330
60578 888
51638 96
59149 105
63214 760
87202 913
62532 921
58388 537
61033 835
70747 758
70745 758
70131 314
57982 105
58720 19
33057 805
60089 243
56940 284
55650 26
38042 935
44997 921
51164 284
50428 42
6061 801
47906 887
53527 271
18745 6
84681 801
29945 470
28982 230
29188 690
71967 26
87829 801
5904 888
95356 633
8637 19
83009 26
4720 913
92691 243
94350 138
80682 355
90829 355
83639 183
4509 204
87830 355
85247 345
83494 109
81574 284
89586 835
93272 230
83134 433
90229 913
63708 913
23793 358
73241 19
23673 888
4938 626
48495 284
52833 77
49882 801
35342 340
63892 77
33931 880
50939 46
5960 832
93235 708
33948 26
8984 266
30970 77
24810 395
65951 284
87179 801
39141 801
8978 26
93724 575
94130 448
87551 176
15055 26
30863 26
87515 575
82956 363
32611 805
86769 388
78101 718
36896 714
31298 729
86266 221
77312 284
80442 284
69248 849
51529 449
53269 284
51689 77
87059 470
23476 243
30259 345
73760 964
22809 807
45850 996
62985 340
50050 113
44716 243
57992 638
41180 558
49640 832
17898 243
71278 206
88261 284
30019 284
27247 284
31029 284
31038 284
9220 284
33477 284
84104 284
31249 284
71747 284
88288 284
90648 284
79945 284
29884 284
76459 284
92291 284
86100 284
18957 284
92642 284
86042 284
72699 284
22450 284
85075 284
85187 284
85242 284
71727 448
66298 284
22582 284
32362 284
33293 284
22027 97
55428 191
46179 6
60224 191
45861 191
79225 385
61789 448
59797 140
50847 448
95617 36
53345 6
92713 284
52455 336
94587 148
52440 53
48279 708
93101 243
38575 148
74665 380
48625 148
26972 53
49158 358
45587 148
44580 32
86556 794
90023 120
47248 120
45898 243
42157 284
48043 358
47121 25
42869 18
11171 120
40803 448
4523 456
4743 456
87825 835
78988 243
80500 448
79705 456
4112 456
40941 744
38397 448
44506 53
11874 191
41215 649
93339 32
39244 708
37802 148
87665 53
42066 358
7117 148
30698 148
39549 385
40602 950
84865 835
39626 575
37792 243
11935 133
4812 191
84012 191
76729 53
76728 835
39206 448
88419 284
36507 243
27278 42
11920 933
11761 456
35771 835
79613 575
93799 358
92664 34
90240 69
5164 257
92375 51
92484 120
85905 191
93080 448
91124 93
85491 784
84628 191
6723 284
12319 893
7464 234
40724 234
16332 893
81372 988
16991 284
22498 179
41774 509
81778 517
84535 284
23628 77
7258 564
47201 242
16073 213
79677 472
43299 815
91479 714
85880 441
22060 77
11625 797
40460 284
1498 284
77001 574
50761 675
54587 6
52207 6
64882 77
58245 340
60514 386
61792 6
60653 340
60673 241
47743 448
56928 386
57564 448
56107 19
56173 284
52716 222
56483 340
56930 6
54838 470
44464 3
43777 120
44733 148
91794 340
50523 93
87761 386
51544 575
51355 77
5786 430
50798 932
49915 6
88560 191
13287 284
28254 835
47244 575
8356 264
45976 921
45974 921
3619 835
45863 6
44976 39
5196 875
81567 284
3541 284
7296 77
34903 462
41856 233
78908 6
30429 243
40420 230
38864 49
11144 752
81723 276
3490 6
35088 230
30749 495
29705 575
11542 708
3157 368
11167 230
93273 264
91148 797
72093 284
23876 75
88511 6
93691 19
88300 439
95144 169
5482 328
76426 6
80809 479
31262 571
93900 284
14963 284
84095 19
11460 6
23210 477
45258 477
46670 358
26670 345
34854 345
45697 345
39473 43
12760 358
2264 477
22208 477
85826 477
41679 345
38078 358
85250 43
40774 358
27425 793
87106 477
33950 358
78371 43
91228 43
95133 358
29822 43
77041 358
16636 358
89055 284
91903 284
3386 812
69308 284
1094 284
62684 284
57330 284
33264 615
83313 121
54608 789
45074 566
62135 63
52768 607
59274 188
60425 871
48872 290
43828 284
45795 19
49908 632
38204 52
37739 52
34832 52
30417 52
29689 52
28208 52
11493 733
7361 52
26679 52
4628 52
4627 52
3697 52
95599 52
56688 801
59217 539
45160 284
56545 246
24907 104
11980 199
42004 63
48316 246
53768 284
52090 880
53538 952
47801 42
48210 488
22927 21
92952 109
81287 42
38659 33
39100 38
48575 284
49883 284
47665 243
8541 449
28064 994
44407 811
85114 179
39669 167
93913 749
78943 507
42528 284
44504 900
70999 47
21755 19
43017 284
10226 77
95771 92
74865 148
29235 548
37771 284
1295 117
32372 69
23828 32
87385 169
19071 6
7013 42
7445 246
11199 150
95590 109
3338 150
5295 499
5297 271
66981 284
31127 194
71716 358
64294 246
17168 246
89997 19
93473 358
93920 6
89443 113
335 887
67022 233
85019 358
78537 157
68155 12
65371 6
44261 413
53425 243
44299 794
55862 113
59341 19
88094 918
37949 462
52948 358
80098 413
5968 228
25479 802
284 276
555 905
95459 243
93141 38
40394 38
68342 413
32417 185
26074 875
4755 509
11451 358
11461 340
25658 727
8933 887
80848 243
67646 91
34868 109
35655 541
18511 413
26164 986
94534 13
93706 345
89422 887
27698 19
15313 964
25678 26
84267 345
79805 284
69255 819
33286 819
18270 273
17626 358
54441 950
75856 233
6054 530
28112 290
8567 832
26130 284
1379 272
9068 406
16545 19
74984 284
64664 272
86105 571
6389 64
27665 284
12057 39
91217 470
24702 19
24840 936
35377 374
88117 340
64426 89
1610 927
82544 70
35688 507
862 284
55729 345
2808 515
20067 169
5637 13
815 406
6550 246
12887 832
821 284
39 19
18243 936
14531 219
8291 19
18819 246
1375 74
64003 964
33976 964
34827 284
25644 284
79599 284
66206 964
85500 284
15333 964
744 44
90039 284
81069 510
86386 284
22000 964
88535 284
83322 659
66150 427
26194 964
77137 284
72671 375
74254 964
26319 284
68749 375
66371 375
71344 375
12993 284
31179 284
27394 284
15780 284
59 375
30600 284
48676 114
21413 19
64610 19
86683 815
37828 284
84858 169
88756 693
22547 79
18000 79
13469 651
37406 381
91019 69
41909 69
50423 284
80511 69
58552 77
44160 284
27511 284
57320 284
56997 673
31879 69
38950 77
7405 69
54932 284
83060 284
63748 284
82175 69
51942 754
2900 69
41573 77
5469 77
89228 284
23748 69
78055 69
69469 77
13689 284
39787 284
41014 860
70909 284
39471 284
26019 69
1378 284
83007 464
95691 148
84011 148
47734 148
69535 713
47271 148
44760 472
43734 148
46908 340
10749 782
87730 148
45091 11
81553 243
1262 37
15286 119
21938 69
30758 6
31406 71
15620 69
18036 472
18043 637
18048 637
18041 91
18039 472
13428 82
15498 472
62613 436
57915 448
78054 842
58811 448
2629 34
44734 456
47581 856
38647 633
92840 80
24038 32
95119 405
94561 448
26701 456
33520 633
27034 633
93157 284
11170 448
27257 243
4524 633
37271 605
78557 358
94094 1
85005 200
36855 448
91381 605
4296 563
77511 782
69746 782
81303 605
85704 57
78750 448
87843 1
85945 950
35702 472
10387 204
31181 469
24874 782
83726 456
31100 448
77611 466
81090 987
14035 204
19842 51
28671 448
25203 466
69014 1
23901 948
25376 448
67225 466
13000 424
14470 204
12997 326
12994 204
12996 204
12995 204
26297 466
76969 340
75733 466
73818 466
73196 51
16248 758
66979 466
31129 129
34681 205
37127 191
65057 575
34410 575
32528 782
15916 191
64698 1
64450 41
25050 51
24111 948
19346 495
57107 607
635 358
82963 511
5413 46
95488 6
813 284
16008 303
45193 18
86574 438
17708 77
90858 633
6812 148
5767 32
95347 835
74343 148
92661 346
70372 19
90825 284
5122 498
90160 148
78460 823
62386 284
52666 472
6938 284
76684 513
19980 610
14302 534
14008 284
10189 233
22273 121
11760 152
72259 972
16710 380
85758 330
20615 203
36544 931
63884 284
17224 472
85298 727
4931 626
32123 472
31036 472
35564 472
75300 472
27896 121
67233 752
6328 727
5355 176
66567 330
26395 737
13058 893
67810 82
18662 19
66763 904
37402 276
24863 727
67210 290
9123 690
22548 79
19174 79
5697 79
34913 117
17736 998
82149 77
93232 472
2460 26
83667 228
6441 169
15704 202
76792 832
80698 472
612 284
21224 887
16584 366
13021 355
72049 727
55033 964
64209 381
45056 815
93389 89
26881 86
11056 97
75158 893
4228 791
2913 381
88115 334
82623 531
85874 97
16966 42
15407 916
75818 97
77115 243
15720 97
34211 276
26018 91
15944 202
16554 309
16259 425
16815 472
16904 284
24418 42
16293 219
23212 280
14922 97
16291 42
18979 507
38066 243
72543 284
62528 6
42790 243
16227 284
54795 284
15527 243
5789 948
89808 243
74847 243
26885 948
78083 313
4813 243
87335 400
84666 246
92480 243
12314 6
78287 481
91433 284
71098 998
2950 70
33203 284
67396 284
76943 243
25 819
1176 819
13493 233
66341 288
20992 6
72771 284
707 882
78130 284
69805 70
6533 550
508 284
58993 294
38413 243
20732 406
76925 243
58143 695
41095 243
35607 995
6184 19
8864 251
12946 406
20636 19
80269 284
85762 708
18478 687
7381 284
17966 284
92211 708
17965 358
82803 632
76544 653
16716 94
79247 339
34064 34
1901 303
13019 511
69286 34
57119 448
49637 169
43410 575
86627 922
64654 414
84572 203
83591 509
669 550
33188 21
68943 987
33425 284
92704 395
82575 26
24292 415
84024 284
25508 169
5978 284
87944 19
13060 290
2721 104
9909 179
3597 832
13815 893
371 550
74335 638
75196 681
14084 690
24297 109
13074 825
27687 443
37422 329
23029 262
12814 179
3248 280
8771 164
8867 832
18776 363
17337 169
17309 550
64407 49
45608 607
43711 908
39110 166
89904 472
64631 246
65439 42
63501 575
90241 284
48300 37
56474 606
56373 256
53069 25
56045 708
54628 243
53542 381
53758 922
53041 284
15077 381
49762 632
47439 509
47995 364
45316 663
45312 381
46745 47
43289 25
82421 832
44414 358
95327 233
44570 157
45054 6
2386 871
39091 243
38567 714
37598 194
92624 167
11202 113
7478 358
4704 893
4091 284
5225 417
95612 32
95271 574
91465 358
91160 340
90128 358
65074 996
83084 32
95340 169
24240 117
37588 893
4781 109
93277 832
84455 407
28949 284
75320 109
90209 980
10949 19
68859 19
40253 19
81284 674
3811 887
31850 887
38638 243
33674 4
51569 27
49274 366
91314 366
75622 366
75624 141
75623 366
75005 366
75004 366
22401 366
71413 634
93652 683
80074 683
94075 281
89901 281
92830 281
43345 281
88793 529
88293 462
92732 12
7909 113
45629 875
30281 157
8990 711
90945 651
80128 243
75289 243
43391 791
43390 791
43389 791
85937 358
90109 366
3862 366
90110 366
82221 121
3802 875
71667 56
28080 284
85490 113
88517 651
22649 297
30257 6
28690 932
36863 284
6948 284
54785 972
51568 477
52078 200
50782 6
26692 695
50237 509
48776 500
800 276
30308 276
33618 314
93333 113
5802 284
19064 462
78909 942
23781 472
7994 322
432 60
456 773
17562 41
12842 280
4626 893
37615 988
71337 19
8527 571
15069 688
1451 832
88060 910
899 470
76109 470
21500 185
68324 688
83978 276
6626 546
35331 276
10630 727
83429 284
13690 284
64164 138
36999 117
4076 86
23773 832
70393 332
6372 284
88132 483
68322 185
2307 791
29230 832
17896 42
9484 688
36873 284
17339 470
13530 727
16930 727
11632 688
14712 185
34918 397
23302 615
25571 169
29405 121
1962 191
93713 19
14211 190
23909 190
89043 340
22340 340
22899 615
25569 615
24604 615
25570 21
5741 909
85044 141
83504 423
71913 121
63669 19
14024 191
776 42
17872 472
24528 472
33534 472
18642 472
43097 101
53605 284
52155 105
69466 472
25168 472
77009 358
87474 6
45481 893
43749 6
83628 418
40557 57
93257 308
42193 904
79186 53
76636 866
68302 472
21492 77
94207 71
73209 413
81877 900
47505 345
7797 791
40525 19
21888 846
32046 472
10692 191
18038 859
18034 472
11329 19
70996 509
21844 801
79067 448
75990 801
36201 758
24977 448
53324 987
44287 6
44308 714
28019 6
31257 221
79244 246
3707 771
30405 284
30898 63
4897 113
6531 97
15329 340
79128 345
22635 246
26519 832
2117 487
17064 894
14013 487
13274 487
13239 487
52491 19
3521 97
17427 487
87592 345
4616 972
25818 233
14583 26
91482 433
40012 985
82922 345
8545 117
33423 185
28652 64
13762 246
1852 64
24376 64
30848 117
30582 64
24328 64
23814 832
24327 832
24391 832
92402 433
87552 433
80107 433
76739 433
15643 433
15615 433
15595 433
6199 246
6703 896
5483 246
13495 19
34912 838
80276 470
10091 64
5869 19
35990 433
35507 702
34714 19
94747 169
14416 19
1626 330
81921 109
17715 358
7691 996
605 19
8695 352
4939 485
48304 284
90066 634
49608 284
47869 686
41106 272
42128 194
81062 345
89520 470
41592 345
28708 381
22438 284
64524 233
32648 848
71881 918
93314 284
95706 832
26659 381
87394 819
70128 530
2217 530
32907 848
33105 848
23990 381
18273 848
6649 284
83763 158
84096 284
83222 483
82837 284
76359 284
36477 819
91055 491
54538 284
52438 77
51023 77
52437 136
93915 284
52439 284
31823 692
52831 921
3101 887
77754 969
91443 19
23030 284
64151 714
12945 478
16964 90
68544 11
19096 943
21960 90
79997 200
2505 19
36362 577
81878 42
1905 832
22906 121
17420 893
38930 322
10064 19
7663 19
72054 19
89417 199
42402 19
52348 19
90022 363
28532 19
28589 19
422 19
70973 19
73425 19
956 19
44051 200
5787 200
32443 200
37883 200
16000 701
8250 19
85305 433
986 19
66713 199
302 199
95656 200
91144 775
3986 199
23161 340
5226 250
85845 250
74293 141
75954 250
1312 250
29355 250
1744 19
1024 171
35846 200
37882 200
44050 200
72148 225
3823 225
3300 179
10870 284
29847 284
17800 447
81814 20
83637 6
52446 340
19171 624
45254 60
6741 472
17063 382
44416 340
3781 358
2651 330
82714 41
84893 603
85304 273
91480 34
90449 19
89917 803
11077 284
71432 171
36282 470
84616 138
58862 574
7054 689
11431 358
87970 60
81329 7
80910 430
74095 284
81126 511
72521 167
66662 787
50138 6
63612 167
50869 284
53722 113
24873 121
85056 574
79998 246
74875 143
48603 470
65355 575
60210 246
52469 148
16858 651
12716 560
69484 880
14143 281
10288 345
77050 575
95239 714
11626 805
83853 6
95814 714
3886 470
12765 19
6274 19
888 330
3493 807
71617 272
67651 91
17517 91
33085 472
12871 104
74930 695
24611 281
67655 91
88901 233
18573 86
27655 243
29413 388
52950 943
8455 20
59180 554
6488 284
8306 750
14777 969
60276 167
82627 147
76839 284
25865 284
75027 740
68087 260
4240 825
6499 825
9125 690
5015 825
54161 623
1306 272
46153 916
24235 179
90581 104
16433 284
3898 358
18241 936
29893 893
86352 330
53031 246
12489 284
59151 470
81047 470
574 280
52949 319
60098 288
90981 284
46081 6
51546 752
46067 19
45866 32
81266 345
37766 345
47963 381
28888 6
94856 809
88737 345
41078 345
7866 470
7570 470
15981 284
33920 764
77518 764
92181 750
17592 777
79311 752
85034 752
85919 880
17935 284
79304 815
88516 381
29158 97
70872 90
84060 113
9025 358
85376 364
84989 470
55334 436
66346 535
72633 6
19516 777
18479 685
67695 604
42920 358
50162 340
78393 19
63838 470
54338 6
45649 284
54068 832
61829 19
63009 284
48653 674
52100 145
85955 284
70766 345
55644 284
59918 284
1565 358
45607 147
40314 113
43304 381
59719 345
87305 413
59937 477
91322 243
94992 943
76458 6
28736 900
79346 284
92539 233
12826 164
56697 246
14270 832
507 113
87178 206
75286 835
34357 169
51334 358
6299 113
46198 330
45090 73
43046 113
38288 33
27375 284
39543 887
86315 358
17557 340
28172 832
89825 708
81375 284
80914 169
29987 678
12080 104
77364 303
6097 303
21792 935
88802 253
32031 284
8687 751
17255 689
3389 60
76219 284
25938 936
9128 690
70700 297
94870 284
81518 401
90938 764
86952 845
83135 695
26308 913
75603 286
2472 511
24687 284
82990 284
69447 358
13043 514
26457 366
57218 358
59467 358
37765 147
61059 254
60762 12
19235 26
61056 25
55921 25
95287 25
43082 25
89772 25
59243 25
55267 25
87620 25
81357 25
38866 25
29574 25
60647 284
49187 25
58579 284
77768 25
77662 25
43868 25
21245 25
9307 25
88287 25
30123 367
55845 284
89510 284
58116 844
51456 284
80804 25
51851 284
50660 284
39354 284
42560 284
42477 619
92220 284
47383 284
47835 284
10815 284
45318 284
91661 284
72675 284
45017 284
14909 284
42710 284
44894 284
42601 284
38682 284
93379 284
27337 284
37884 284
93279 284
22677 284
3092 284
35597 109
25906 284
82243 345
91170 284
75808 284
1261 210
27656 965
45 284
71387 284
66111 258
1628 493
33440 358
15691 284
86195 284
24961 410
67832 258
33356 39
79223 258
66112 258
25615 258
64877 258
22243 90
19402 284
9127 690
83431 284
84059 632
64543 411
82328 284
66153 284
125 246
7917 97
74767 413
33476 266
33474 266
33479 266
69626 284
8499 893
19659 623
64542 358
10580 284
376 284
21173 284
24689 284
12856 19
72992 700
8104 284
37110 915
45868 323
37327 284
70596 345
15181 887
538 284
7321 345
95681 323
18739 395
73885 264
89582 323
84854 284
24247 194
62211 714
81188 19
37206 470
40018 575
63399 45
77190 15
62560 15
62714 44
57569 340
57497 15
27036 340
50757 155
56584 340
57456 340
57378 918
41431 812
75618 714
38616 769
89199 15
42465 340
94405 191
94729 191
37867 191
4728 243
51051 358
44929 355
45105 340
44808 113
75317 15
72536 243
45351 13
38824 358
29309 167
89419 340
66873 358
64116 15
79457 15
33555 15
86855 330
83020 497
29773 887
69686 15
3606 284
90804 301
84981 638
37175 154
26658 113
30276 221
87850 340
87339 15
71890 15
77479 583
5138 358
75163 330
66380 676
70852 358
93394 167
95525 167
86341 835
2993 880
78990 233
90515 880
83464 15
67746 358
2341 167
67341 15
91139 887
1511 632
95770 113
16618 15
88304 835
91130 358
68974 210
84401 638
95596 233
93114 413
70321 880
3013 358
75425 77
95490 330
93019 345
80763 583
85761 794
86391 330
94398 364
74024 855
90033 358
88240 233
31792 15
92687 630
18838 413
91711 364
68121 340
83266 505
29172 15
89236 420
36308 15
25910 15
22924 330
75390 574
77448 284
89054 358
91870 887
14179 26
5419 26
71871 880
90973 167
86290 358
18415 880
90514 358
75524 233
75588 887
5252 158
36118 880
90231 190
71582 167
72308 887
70753 887
77568 413
88618 233
70401 340
83186 812
2434 167
85992 632
87413 470
75757 330
76687 651
80102 413
79893 880
86401 358
67067 113
8754 794
37209 284
76102 574
4916 167
74471 632
21904 574
1478 632
317 880
31949 470
3213 812
23829 794
71005 812
13355 574
7876 6
51519 97
57485 19
1831 470
91592 284
9904 406
37210 630
7626 401
74905 401
90416 630
81205 6
28381 6
8402 916
19598 284
1829 284
6582 90
3291 202
23869 284
54723 996
41773 462
65675 362
53564 134
46416 11
56315 795
71452 11
31814 46
79662 258
56329 11
53910 11
41576 11
7634 11
77029 11
3035 11
51695 588
93577 11
82193 11
71125 11
85580 11
90317 11
52914 11
42650 11
50455 11
48945 11
29783 11
40821 11
27159 11
42167 11
40667 11
46831 11
3328 11
34139 11
86990 11
90358 11
85614 11
43754 11
38517 11
39341 75
29795 11
43753 11
90472 11
79921 11
64447 11
73123 11
27000 284
30012 990
63970 479
27161 11
43974 284
42494 284
63809 240
69022 11
78451 240
72754 240
74146 240
77842 258
72778 11
74149 240
70916 11
69435 11
5496 11
90418 11
87167 11
32337 11
71097 284
84082 284
18615 284
65835 20
5292 60
73649 6
87391 819
14912 809
67997 243
77290 169
81599 606
88796 358
86941 932
71229 358
91488 358
89540 284
197 225
17986 358
1573 6
66874 110
86911 19
87969 221
30997 109
75205 689
63815 41
83304 731
2243 171
73499 243
72228 284
66712 809
77725 97
2548 358
427 358
64557 220
15799 225
37112 243
30621 246
65721 626
74268 750
26379 233
36593 34
64530 206
17885 206
76600 284
76797 243
75072 131
71907 141
1280 246
21991 104
72 395
76962 261
86385 361
23591 444
24330 169
60922 6
41811 340
40694 628
24031 113
36298 6
11845 190
1003 104
54771 32
50941 243
57810 247
59752 20
53095 358
50855 120
40795 120
49474 39
55753 801
59130 638
57348 835
53689 340
55051 77
43032 835
41351 607
41397 607
48152 893
52118 692
55620 284
52728 120
52486 6
44964 120
45444 120
45703 120
45097 120
73739 82
68131 472
79467 368
25591 180
38916 284
22926 77
29542 605
81075 6
3014 77
93943 472
67061 472
82571 674
66266 607
40300 835
11429 20
70472 835
78626 835
3760 58
78890 835
6761 835
30551 835
14879 92
18683 470
30243 358
85983 6
89319 689
68465 6
4380 6
21841 472
82124 835
26892 835
13862 835
66265 835
92690 358
89773 835
82815 358
82826 835
81356 835
80370 835
19575 358
23951 835
23780 835
87086 835
78059 835
93111 629
22909 358
91965 284
90797 443
85883 19
81013 358
84864 835
70381 961
21772 835
77604 835
67058 6
81231 794
36874 276
83510 835
84785 358
74142 358
83356 835
65718 358
69891 224
84679 358
33011 358
25590 358
16965 358
34080 358
75997 6
35012 835
77012 358
25882 358
17039 358
25110 358
34022 689
20018 395
76016 494
446 689
31425 395
20831 395
71280 206
78057 75
92 6
25848 13
18812 284
32085 77
16698 6
73823 835
23819 358
71197 358
70141 890
67082 308
10143 34
68517 358
12828 246
12830 164
4330 34
20395 46
18578 77
15264 70
70840 132
74210 340
3784 284
30935 615
36568 284
24609 284
15669 77
16767 284
17838 284
30938 472
25018 178
19113 193
18284 284
24637 46
24164 284
9914 19
52824 987
9573 522
14027 522
10501 337
35770 900
63805 117
667 345
2225 179
33 345
25194 472
55725 19
39467 6
12215 6
27325 6
6214 304
23170 522
17595 26
81663 6
10000 19
72911 6
93320 584
66639 6
24974 825
30899 358
4744 345
10824 6
30412 288
33979 964
95303 345
3623 284
93072 345
82869 284
28415 288
1076 381
4908 964
25648 284
39393 507
3564 284
77000 470
8861 19
77316 470
89380 6
87847 340
27506 284
89786 303
35853 284
61296 6
42150 284
57631 607
56014 6
83294 815
25474 815
38658 345
55756 6
23307 815
41630 284
33348 185
84162 284
54446 284
60250 477
61683 6
83214 32
61214 871
57127 848
48318 290
57114 470
57518 44
8678 284
91240 6
95421 530
50959 470
48600 361
30557 470
49286 233
43072 886
43070 281
43064 470
30554 470
13732 22
46801 815
42104 6
4531 284
43469 38
41246 470
92913 6
1921 832
17744 284
23347 113
7420 284
17997 284
1059 276
93139 284
13028 246
21 284
23943 280
10742 42
93018 345
88121 6
94021 38
30133 598
727 38
61894 607
10695 708
52939 932
31985 6
39701 678
47656 575
29142 340
36574 824
4944 6
36297 158
30509 53
4346 358
32109 26
36234 6
91164 358
70347 175
83153 805
91767 6
87330 26
87022 495
35298 41
35561 651
85712 6
77530 803
32438 395
63799 146
71987 758
22556 284
83468 34
70752 340
19428 395
76355 284
40091 284
15285 34
24115 395
4786 322
31131 340
17358 19
53452 358
52273 113
46280 509
47675 401
94568 358
80258 41
43139 233
4359 345
38071 345
74697 157
88219 38
85129 394
81383 284
76914 284
164 233
38760 456
86896 34
42868 18
42866 18
50310 284
83610 913
76812 913
94450 987
87603 284
6442 904
28327 284
10694 950
23204 90
76974 439
10896 6
58148 584
89922 345
88164 345
23834 284
19208 809
9244 284
36929 284
9633 246
18860 296
10972 363
83081 284
92852 815
85627 381
44251 358
51366 364
42493 141
32065 34
95831 141
95832 141
31106 228
2526 37
74086 695
86339 483
23529 210
77432 284
90421 358
1668 276
72680 113
14409 452
24298 893
18753 185
75761 276
19802 264
34653 113
12784 509
1970 452
71075 888
57452 284
53845 579
49248 34
29920 34
9809 638
94286 158
95717 312
91550 312
81197 312
3570 638
72524 832
76677 246
71860 358
72426 330
35470 284
1577 225
5736 19
1416 6
9945 284
65001 671
28177 632
53806 358
51152 448
51282 632
94423 358
51970 365
54238 987
50937 243
79644 185
39726 284
80680 695
79463 454
18995 509
89192 509
81405 60
92287 969
32941 454
84115 632
62836 92
75470 604
73593 284
24270 714
21512 21
66890 105
17985 918
5654 358
6694 358
17488 340
880 284
19646 284
87894 284
18814 284
16085 284
85525 284
89547 872
70760 872
70871 284
8906 264
60639 749
58529 683
57638 900
56522 372
48911 345
1397 276
8358 284
82634 284
3045 284
4092 345
88586 284
79917 284
80880 765
25623 284
64503 284
34706 284
84828 284
9070 522
67606 712
67603 712
67602 712
67600 712
67596 712
67590 712
67589 712
6473 284
94977 556
20807 145
77078 578
78704 56
79840 578
67781 472
57716 6
56099 801
44884 233
78296 893
54556 893
48429 987
5116 688
8206 19
92541 233
13250 814
70378 814
67046 893
43953 109
5742 176
38568 284
11610 347
73565 679
20659 837
15948 809
33193 358
24966 809
82391 6
18120 34
67370 358
74503 511
82631 938
10478 358
82537 217
83840 358
85439 574
71428 113
12878 593
83358 358
15170 113
68004 395
72518 104
21861 284
74995 284
28604 999
2517 358
968 984
25961 936
74058 284
8304 358
5840 225
8253 593
24309 90
19511 284
19165 104
22425 310
2843 284
17540 104
117 104
18779 179
5169 104
1732 358
8119 358
26310 340
17535 34
23098 452
7739 452
14077 452
3111 452
93102 109
50069 340
18257 284
47535 612
54826 6
54258 6
51929 477
48194 284
32467 284
93907 779
89361 6
11503 6
2063 56
91766 284
91507 662
90688 55
89591 34
88589 481
90953 6
81053 638
85319 284
76566 69
18854 12
18568 6
36482 284
59201 26
48501 105
38642 329
29190 690
29189 690
29185 34
60696 49
21918 935
20302 66
63745 71
6725 26
60354 632
6695 284
25807 284
66837 284
21039 264
4358 179
65174 39
49037 243
47987 39
71998 19
85489 77
26702 243
11474 996
26749 19
20542 19
6308 19
31396 39
15237 284
54254 6
71459 6
74275 40
27141 284
15631 243
65484 33
65396 284
55932 465
65018 93
57735 708
62928 6
63116 243
63049 358
62480 969
63227 284
64817 6
61751 887
41508 222
64923 6
61790 284
59345 243
61606 372
61952 6
61236 661
62239 284
56328 194
61938 288
58776 165
58507 190
60623 284
59596 284
56770 77
59256 6
55757 6
51107 246
51106 284
47760 288
36093 6
55096 4
56594 243
56664 6
53315 996
56137 284
52177 284
54354 330
55664 606
40770 113
56422 284
15633 887
53738 284
54737 6
55353 794
55675 6
55311 157
52277 727
52719 358
40948 233
54995 19
4412 32
53224 222
91159 904
53323 918
53662 216
32977 477
53454 548
50823 233
66187 69
50037 340
51674 413
50553 113
51095 893
50942 477
47107 113
52035 413
48922 47
8983 656
24784 752
86146 284
50088 288
51574 284
46068 6
16221 632
47609 902
37226 113
50410 113
3826 284
35784 222
94099 893
9188 904
49807 206
42509 330
45502 583
49383 381
45099 113
39678 381
2749 41
17262 284
44169 6
95146 70
32196 113
44971 374
47027 284
45606 19
41153 229
47240 206
41881 19
95601 233
37814 233
3387 381
66523 158
69487 90
42353 206
37714 6
40166 284
5589 391
95178 34
81576 632
83054 262
92745 284
6653 276
62797 246
38802 243
33261 284
52540 509
29680 932
55276 243
94730 819
94337 358
34513 815
9381 284
92018 381
69019 191
74836 198
65272 470
63278 191
56513 174
65078 225
58699 284
59896 191
60196 284
59164 575
56325 57
79083 796
84591 470
39724 892
92373 284
55372 950
54103 607
51747 422
30811 777
54120 284
5918 284
53915 284
49856 270
52199 973
28787 472
90886 191
50560 91
86261 191
65929 51
40985 975
48025 169
29859 56
47522 109
7304 950
44860 191
65107 708
43083 248
33949 144
42064 46
69103 472
83996 630
5622 176
12149 101
4780 18
7307 101
8066 633
6840 113
95521 101
92820 993
87871 330
95634 109
3208 262
25922 262
92587 6
93882 191
93143 607
91311 633
91307 191
86759 1
90236 191
78950 82
16282 191
79066 842
79065 842
83554 284
31497 842
78056 842
84944 233
26697 632
95653 483
3081 284
83047 618
86493 368
94228 472
9303 438
42433 6
69152 498
69211 193
26009 575
87484 368
42152 193
71682 193
25212 193
43778 498
18736 498
69336 368
69335 368
69334 368
5235 368
39059 438
37855 438
27190 438
29224 77
28999 498
3398 498
92716 498
4419 193
22124 193
31803 342
85581 342
79979 342
69301 342
71594 342
40073 798
27470 6
95423 6
81109 6
49154 742
67491 284
68790 6
68724 6
53928 6
38631 6
85065 6
48764 284
39963 284
67469 6
67465 6
83642 6
29083 6
67636 472
471 233
91131 358
13611 998
54717 105
48885 105
5134 284
62645 772
54530 105
60802 105
55667 893
79546 6
52614 105
66340 21
71115 21
70688 358
25265 615
84823 329
25629 329
76195 394
74163 21
62432 708
58527 243
56238 950
48437 394
87838 329
51683 174
53833 148
54422 430
46746 329
53740 243
43888 243
57319 472
49521 922
42836 77
50650 329
52970 950
69275 472
53270 950
53403 248
86080 682
55100 180
49746 243
10770 371
11177 148
30001 358
27515 77
42771 358
87839 371
44517 57
40524 607
45442 371
33507 148
45686 148
41332 630
42610 144
32223 144
43931 113
95086 148
42768 148
6926 190
77237 77
26587 77
40375 148
11191 148
10999 126
42387 148
40141 662
29399 148
30365 270
38229 430
27676 371
90006 148
42350 662
35936 605
95466 371
89024 381
35142 381
86940 932
38988 180
29851 77
66280 605
95777 77
27047 605
32712 180
4832 951
8410 77
95493 77
7747 77
12135 77
3637 77
87837 329
3418 77
84159 77
7907 148
92573 428
94448 148
88758 217
93949 371
22221 77
24923 932
85834 6
89676 431
21847 662
79650 371
76412 932
87043 430
22744 77
25607 77
63028 109
56946 233
7789 954
40168 394
55489 692
51277 358
54588 401
45859 743
30353 206
40909 358
90647 262
89412 262
79532 374
11928 284
17653 284
22872 284
1232 284
71715 358
13614 998
83752 284
36429 913
79294 815
76887 913
74648 470
57279 284
54642 6
47456 814
80290 922
39344 28
28699 256
7346 284
7844 41
74694 284
62846 835
66915 284
22733 276
36958 284
35728 284
35484 41
33116 815
73561 104
64507 695
24994 695
87694 574
19698 462
77249 462
72033 61
13075 577
5606 381
24857 264
28548 109
43347 932
27887 20
79756 284
13965 358
60404 972
47971 71
31611 366
94357 6
55786 39
22432 69
85469 6
15111 164
19206 311
14417 202
4842 358
1085 208
19568 284
994 202
19193 202
878 593
19199 199
15110 284
990 284
19937 284
14415 202
31968 766
86020 284
72862 6
45374 805
38496 284
38691 113
44569 44
94638 714
13156 284
13122 284
83654 812
6080 284
72589 284
75103 819
1287 912
8115 284
71904 284
74184 889
48984 284
2597 19
41578 358
5117 548
5819 887
16765 887
2848 284
19787 825
83188 887
33152 358
75873 750
6638 284
18338 913
81025 46
88755 284
10807 731
58070 761
94412 509
90085 284
91018 254
90193 509
57025 284
22067 284
27013 284
47374 284
413 32
3558 284
14160 395
2249 198
28089 284
90550 284
39700 761
92683 6
71500 284
79292 284
74129 254
14995 763
14007 284
23927 113
66762 552
19358 254
38909 969
37140 574
62896 109
18983 472
38914 472
80413 284
38906 109
26518 46
85764 169
82981 808
93129 809
64069 312
23358 809
30778 117
85672 893
17705 893
61650 987
8352 90
29408 19
84996 358
10523 243
53631 928
9119 690
10205 93
32473 575
2516 93
32750 358
3461 722
383 179
7382 665
80712 239
1491 363
16845 171
68250 185
920 12
16082 949
14696 12
28165 366
15838 777
10151 19
11072 958
46143 607
92942 345
6893 194
86469 243
62166 109
16176 21
51941 138
56764 615
89955 893
49568 53
67647 49
56891 92
60902 340
57779 49
59150 49
55804 49
39762 271
59236 49
53635 92
81555 261
43206 284
48689 222
7182 92
66270 49
51186 271
50384 271
44182 63
15130 284
21264 284
90237 63
94258 63
26882 63
77308 261
92354 63
79352 63
40344 432
79390 271
2408 92
10503 53
2362 92
12631 284
33199 308
90779 284
41340 284
7364 92
38855 53
39314 308
84692 53
95352 261
90343 284
90244 308
88872 308
87556 308
86517 308
73710 63
33141 49
86589 53
23984 53
94406 53
83289 271
64462 261
32667 284
94593 261
36033 53
88000 261
27610 92
33887 63
35207 261
78318 284
27536 63
33299 284
81358 53
77270 509
93152 833
50014 6
6662 276
83873 345
17334 525
2027 19
55898 345
48975 969
53984 19
52028 284
49811 19
10390 19
27737 350
45482 345
37815 381
6532 232
64038 509
46819 345
46044 345
85031 470
94364 350
27240 44
42342 345
17164 113
40771 749
31994 695
7891 918
38378 462
40035 462
37618 233
38158 381
89456 345
69816 462
73420 877
10861 509
18532 233
10220 334
4131 477
92209 345
24920 345
92828 48
91737 345
24596 44
88884 335
34801 345
86179 488
31260 284
36755 243
85275 284
36754 284
12677 234
60319 32
46713 32
10149 32
45336 32
55318 32
71766 32
39743 32
6139 32
37659 32
11173 32
92125 32
71056 32
30198 372
53248 372
49038 372
68167 32
11276 32
39416 32
52558 6
88941 340
88568 32
78752 270
27510 696
82898 381
91871 32
15328 666
95628 32
80441 32
95103 32
67107 372
91902 32
90776 32
13516 284
81181 32
81065 32
80628 32
80627 32
82937 450
8763 32
35556 752
31043 77
85706 666
68156 752
94307 477
60436 6
58683 233
48246 6
50535 284
50101 191
46444 284
48543 6
22818 312
44198 6
8423 6
28903 801
28320 407
27817 109
26904 6
11473 575
4968 60
21874 14
58196 6
19546 284
23755 77
90544 284
79047 342
24068 51
71864 6
54334 345
75009 246
29144 887
33682 887
90211 145
82436 6
6196 887
56978 334
56631 772
52166 6
65034 386
45065 284
62280 243
53997 284
33834 794
53995 358
59847 243
41188 246
95543 246
55087 243
47041 246
52323 246
73053 246
47715 246
3642 708
44555 246
2807 470
39580 246
24474 246
89374 130
42512 246
32701 246
77306 284
93197 626
71739 130
23815 471
82852 43
90707 916
81338 234
16961 284
22018 90
6276 765
77144 19
47362 852
44629 114
42227 114
47629 681
41133 462
93653 483
75152 681
1411 283
34553 283
20896 6
92290 681
87047 749
13481 6
30934 358
14322 835
13131 394
80998 832
52270 47
54978 345
57170 255
57924 576
55284 345
36252 284
75671 893
61957 358
20377 507
51605 630
4795 19
49299 470
43558 470
45020 284
37813 470
41398 470
6730 969
75312 233
28205 969
69971 284
64379 256
81460 483
10513 60
84422 19
94065 107
499 377
31265 345
708 345
33191 548
969 6
72405 509
58984 887
61048 509
54855 812
64794 340
44360 121
61085 112
61273 156
61199 470
88343 15
58820 893
58020 243
58161 477
58048 194
55759 358
41401 383
48636 893
7268 19
87012 194
37978 918
5077 19
1010 519
33411 238
13071 19
8252 19
3943 358
55598 708
82957 6
21330 345
48142 638
51707 500
76110 284
50689 60
36742 60
19950 6
19014 90
41766 918
47536 612
71007 169
33683 801
41890 969
21105 56
28550 470
40606 815
95201 544
66867 739
63852 651
29498 470
71816 31
30782 358
86577 814
77218 616
87090 374
36606 249
25324 221
23658 815
73504 6
3501 243
95375 764
44439 821
7954 284
26402 15
78633 243
22497 59
6854 34
15080 284
66973 202
77617 19
73254 284
63701 284
30093 284
95811 322
802 936
35037 972
91178 19
29594 6
55848 191
39238 191
7908 708
26708 191
7232 200
40110 996
83453 18
11592 200
37301 448
11068 511
22580 193
9149 575
14477 191
37093 200
83516 200
72692 948
86534 200
8448 575
74723 191
8450 575
10358 406
19026 666
83116 832
70007 6
28224 34
5034 988
886 284
24244 314
54061 509
9923 19
43898 264
46749 681
15562 233
85256 695
49713 500
44168 470
29871 806
49588 470
45424 509
26277 887
94620 461
67798 454
45197 509
30418 734
40630 454
31039 472
7779 509
23964 26
15114 790
85519 887
74188 284
94000 6
67016 6
87823 206
15674 727
76300 630
13923 935
8311 90
40032 284
73947 113
88018 113
95384 284
66701 443
3931 47
88911 284
82857 284
89696 932
31654 372
34 284
65269 60
88099 6
56885 6
42052 71
40931 593
45716 128
55469 60
61069 446
19894 284
20147 19
19971 284
60516 6
20553 19
59045 47
88877 500
55931 638
54955 19
58451 932
51924 322
54692 42
53651 190
51085 381
52960 6
50007 6
52467 943
19597 20
15792 6
73602 509
51157 511
19857 284
48661 42
44141 284
43856 6
37547 813
8235 794
48655 284
41302 167
41960 284
47143 114
47243 681
46164 284
42455 284
38271 878
45534 388
45975 388
38796 681
37703 167
42356 113
92457 233
43576 361
42605 158
89852 254
19595 202
31102 340
77962 284
76289 854
21620 690
65970 690
32748 34
2208 574
14770 264
24898 243
74033 280
26350 366
51068 281
83778 6
11476 284
66309 128
7665 302
7673 726
19043 175
25275 175
74354 314
6453 314
88824 175
62064 448
57609 448
60655 448
61460 448
61584 19
58870 448
60092 448
57352 144
55594 270
56529 340
54575 945
30796 448
95693 448
87667 448
38618 691
16993 75
28424 312
57222 284
90768 246
51926 6
73787 264
4299 674
76791 913
72826 6
90388 113
40862 363
29433 363
72846 6
33698 264
4872 340
68297 161
68295 77
41660 26
65035 77
64174 77
24803 6
5961 246
80025 6
5809 797
11372 284
25784 41
24782 42
6261 145
587 832
4168 358
13073 825
10333 832
33846 284
92435 6
39268 113
67667 6
21300 690
55364 26
71283 41
74913 42
21334 488
25720 6
40068 6
93948 6
68264 6
38564 509
80525 243
26752 284
30475 6
13523 395
26745 472
24828 243
7583 230
33045 6
66593 306
34060 306
90974 797
89978 448
24114 472
18498 191
21154 264
87844 57
19628 797
37145 358
76713 18
85492 575
6460 191
19686 150
103 169
17742 243
15291 24
15293 6
15207 246
19781 6
60389 284
59682 284
34200 727
68035 470
76537 314
75384 358
35910 286
49309 337
48100 695
45825 284
3610 932
8091 416
721 592
49297 86
56785 472
47576 6
44965 475
38672 575
66703 674
37408 130
7650 6
53492 575
49944 60
23488 264
89009 26
31299 20
12422 77
79671 284
27886 20
8517 284
8516 20
46012 465
32268 407
1532 465
75796 465
11116 465
4291 340
83013 465
80419 465
3554 465
14886 381
23705 465
7961 381
9129 690
25367 145
17162 345
76126 835
88296 148
67418 143
40159 345
31235 284
88442 414
30614 345
14675 6
2178 284
17891 284
23790 584
8905 233
91007 401
86104 6
3508 535
67499 345
61976 284
78310 281
64746 284
62750 284
10206 233
58560 356
57267 47
473 406
38648 575
51790 6
41691 6
3996 113
90703 655
44470 113
30280 488
9964 169
51213 284
6781 19
22455 483
46453 6
38643 89
5309 60
81541 246
2382 284
39171 630
28277 448
5944 395
95359 6
28288 677
69636 284
33526 284
76744 243
33426 746
3574 334
7275 695
26033 358
95509 44
2733 848
25126 113
3298 706
42950 19
5953 656
36133 6
95242 6
14306 6
62579 147
19227 318
69488 178
23122 109
71723 6
44164 509
60662 381
59688 6
54727 285
43300 243
26841 284
50679 708
87252 372
92023 470
56151 203
44014 6
53291 6
53304 470
47926 607
56960 6
52378 284
45075 47
63663 394
23723 284
35013 887
64070 284
21957 77
24195 243
24916 345
55517 19
3990 164
4079 19
27092 266
2394 19
83300 19
18067 515
30539 19
5520 29
42578 345
5518 19
18668 515
11364 11
57610 632
71862 345
44806 19
33436 113
28309 932
55556 918
40347 285
37239 674
58230 714
47966 646
40502 654
57929 284
15673 284
65921 972
53453 448
53972 6
45455 284
41378 6
84641 284
87303 284
90661 284
76515 284
18626 363
73793 6
16569 758
23821 758
16528 758
67951 358
36207 758
8351 358
77794 758
7349 284
13492 284
69247 509
1264 511
27586 875
17231 202
32309 511
24106 752
29857 752
35493 752
68086 400
63780 243
18802 916
11083 395
10678 380
22288 284
24365 6
79306 345
10449 998
17377 358
17794 19
83969 345
71735 146
59121 97
14589 117
2689 330
28974 284
90993 623
9202 791
23356 462
25962 936
21783 264
71163 42
2790 198
796 264
1600 12
2034 246
21515 34
95472 26
76482 476
6627 225
15 714
35065 42
58299 477
70818 393
77243 284
863 284
30555 765
75904 832
17623 4
92474 243
92024 284
79641 169
16144 26
67235 243
28828 998
87812 243
34202 19
87758 113
92677 284
43547 169
66358 19
24439 996
84661 44
583 6
31922 77
77805 77
65266 46
41093 77
68240 77
18757 77
38384 77
59106 408
50780 77
50361 77
32323 340
34442 77
32395 358
79734 77
92036 77
42944 77
39375 480
3957 77
80361 77
51254 77
62951 6
84133 86
58565 229
57066 6
53195 708
29968 721
38064 6
78305 93
90621 6
36537 805
60040 77
7335 178
23525 284
17447 164
34806 752
70566 752
33132 178
15202 284
33295 815
2226 164
17629 730
12323 178
23975 77
24083 12
74122 20
25086 284
53302 47
94474 6
72151 66
1654 284
8577 194
53011 284
61806 6
60949 6
53484 243
62407 772
62112 900
56660 630
38755 345
38904 749
18133 406
34281 286
15358 825
22444 443
6352 887
12410 381
24152 272
53644 246
45867 246
53712 630
50166 114
95104 246
5183 345
65604 627
10851 19
37297 19
79702 19
26421 246
227 630
1725 630
23669 179
14671 284
90724 42
7064 606
95080 470
7783 284
604 593
86915 612
34867 284
39866 887
6697 42
42001 113
65064 93
90827 191
20651 284
91356 12
43284 167
3866 233
4178 34
94889 483
11114 6
22550 6
83704 158
60133 6
47360 229
26798 229
85549 6
20660 575
2062 761
47883 638
38019 893
30926 472
37837 284
226 6
88345 623
26360 233
9100 815
71386 12
77013 659
6046 6
33007 656
13830 145
93695 483
88004 246
1871 34
83 340
31458 228
15845 626
16041 6
55466 6
46077 6
42766 6
81038 472
50520 6
66814 477
86306 221
16173 6
49002 350
91297 34
12767 470
50488 358
82778 95
32449 972
46292 366
84831 972
18193 470
36600 477
7092 47
83404 477
84905 358
79249 358
10090 234
3047 477
24011 477
9098 135
786 194
76 887
50107 380
90071 691
88218 284
75128 413
47916 6
95382 284
70027 887
26471 960
10298 941
1501 284
58060 243
93952 681
83221 509
76604 932
35511 169
28513 659
65949 345
15025 987
17174 284
21434 284
18365 19
13855 6
14511 42
55092 345
88213 807
63194 835
41968 575
39681 358
62924 580
264 233
88961 752
85511 752
67679 243
4633 470
85135 752
3170 203
67955 499
21926 272
70789 752
7744 6
6242 470
80213 42
38507 6
28049 632
43134 26
41214 41
29669 470
6820 158
78236 284
89614 129
87833 129
75450 129
91559 555
35732 169
22919 345
25580 69
81724 284
95037 340
48719 832
8024 284
85125 158
30747 256
18501 345
18607 584
6548 462
64568 345
94270 606
94299 966
31311 267
9077 284
742 900
15026 6
19583 121
79604 574
18262 659
6641 199
22357 345
14282 499
73478 284
55028 128
50567 243
483 246
36483 77
18601 470
32896 807
12250 19
22022 284
43915 56
29865 752
18033 91
86013 340
12980 284
64181 752
9447 876
16946 90
63756 185
92706 243
50675 284
39497 284
47367 6
78362 366
42014 42
37243 708
8027 284
21339 582
9859 777
42510 765
8069 284
37180 943
41588 893
43815 358
89389 606
9896 750
80311 185
14636 974
33758 755
75924 606
51573 181
41190 358
84731 832
71391 358
5206 358
92465 358
93081 19
86670 109
25528 109
85213 288
80607 169
71608 228
23795 809
25902 893
976 284
14264 44
3845 530
8313 284
7228 462
10087 34
15246 202
9770 901
59245 284
29635 6
18725 6
129 398
71821 6
1389 6
35113 6
49239 6
88742 256
85331 6
62098 714
61582 284
58040 987
70259 358
37293 340
65606 358
69817 358
20370 284
90989 169
76802 998
67297 998
60670 19
60761 19
22968 893
55450 19
48078 19
54552 19
91879 19
48062 285
54367 19
94742 19
40371 229
77502 284
60677 340
64048 284
94265 41
65790 394
78325 77
23259 223
46336 6
81740 6
51561 77
49079 727
29618 340
39369 6
47342 284
89706 381
14425 284
41348 764
62431 243
60780 358
42581 972
45584 809
70294 281
37847 42
2895 848
39967 475
42911 156
67692 276
2038 848
52919 848
42552 156
27364 848
83279 848
42273 848
27130 848
28383 848
68111 848
86486 315
73245 848
10055 276
64522 848
1185 656
25867 848
18010 442
81269 156
14444 848
75999 284
17291 459
9604 459
22654 832
57275 704
32892 75
31387 243
29393 243
26175 243
24893 75
10177 448
41621 500
46694 212
13922 935
28215 284
93813 113
88285 138
92168 190
93696 553
14233 477
16921 22
13799 22
46619 246
8384 113
66525 766
61858 358
72273 472
52772 483
2995 632
90990 832
31024 472
50434 358
38292 221
39913 243
31001 472
68834 472
75740 221
83036 243
68232 472
75451 243
68417 472
64749 472
29540 243
67081 34
53 284
3897 233
1701 358
91142 284
9716 284
14851 477
27928 41
88210 358
18792 169
88291 630
74348 887
91865 705
81293 41
6542 273
31063 583
18732 41
213 273
35040 203
88757 364
2419 381
81854 6
81002 632
74854 968
64021 334
16089 169
91816 284
88298 18
35058 34
73513 143
2025 41
24781 19
73890 51
77741 284
29881 113
1072 361
32966 284
80227 12
6093 6
19253 233
21518 284
12504 284
89347 6
53148 714
38844 284
59583 727
59127 6
56168 19
16265 77
63898 575
22652 177
10691 243
1220 284
10404 708
43859 113
13655 6
15105 284
43317 330
47050 243
13545 284
1447 6
73914 6
26031 218
87390 97
56453 578
4526 606
11376 113
40700 6
89463 42
4003 6
45933 6
4463 325
77048 6
370 832
62181 6
49775 6
61932 6
51575 246
1606 6
50374 6
77797 6
45328 6
59889 77
36402 972
61918 6
60493 381
48200 6
78060 38
60541 6
86919 6
87582 6
53149 284
85356 284
50731 350
27963 42
70139 575
45002 345
37878 345
28524 6
48268 284
88253 345
41047 6
55437 39
40679 472
32908 183
16955 183
54668 284
45983 364
29264 589
75102 819
46294 169
45015 117
243 77
38541 117
11851 472
39251 462
28149 472
26746 472
17011 472
89020 574
82191 509
75693 6
45673 6
95483 276
6348 169
94640 6
53278 6
75977 284
86646 681
2676 6
68804 6
2026 690
80042 6
8183 199
25381 345
21448 345
85911 284
5231 345
2864 6
34826 6
15028 345
43675 206
72951 904
55022 13
42942 183
42906 400
8491 731
95367 41
76277 322
17503 322
54775 887
14164 121
15491 777
16727 659
71301 6
50130 19
58886 11
57969 437
49937 264
71444 320
22723 38
16570 887
19881 407
75739 943
89431 893
63865 6
69218 752
7912 85
4790 925
18946 284
46768 383
90733 284
4189 358
94891 13
8190 6
2616 284
86610 131
88028 345
87396 819
88139 284
709 253
37487 243
33209 246
22063 6
12332 284
46275 47
71618 47
4706 677
16005 44
47996 47
73507 832
88375 677
74948 67
12492 284
51915 708
10267 291
43378 47
32336 695
9048 612
44549 780
26649 472
61646 472
82977 472
70348 146
71328 146
13822 964
70302 284
43838 142
90149 194
93110 358
45906 141
40607 6
1399 233
73275 284
12650 77
1064 284
8770 358
62806 6
62488 714
56784 547
83008 887
37982 6
3540 812
19453 272
95053 6
87187 413
54039 141
88479 749
7936 364
736 290
45742 6
1248 681
68181 284
88003 330
16457 488
66826 284
89599 749
92868 284
86102 185
7200 284
20979 477
34529 243
69234 284
19593 402
32083 20
60695 848
94635 6
19880 690
58122 6
58416 143
58414 143
74151 284
66384 77
52310 6
49989 470
50596 381
48283 6
43717 651
44755 6
40746 6
3890 6
39064 233
39803 6
28995 6
39388 6
36236 987
76360 6
28050 60
11691 887
80254 6
5564 6
29056 6
92901 6
84946 6
79339 124
81694 880
72229 832
13337 70
70292 284
62876 6
52998 575
20789 6
20073 6
25185 472
66922 284
20453 284
22230 13
7702 97
1828 284
2823 206
523 284
93729 246
94571 90
48841 284
25044 470
25043 457
74544 777
2227 649
69747 831
27613 6
90650 358
90649 118
81154 77
80567 41
23618 758
8663 604
18987 395
21617 358
95815 286
40740 6
6050 6
74290 20
32881 6
68957 66
92179 750
61700 180
80655 180
59316 39
58844 39
39444 243
3331 19
68015 472
75188 6
29880 695
24146 253
1410 6
31158 13
1840 37
17071 6
41301 179
12520 832
30441 187
75897 71
44703 71
86140 71
28058 77
38576 18
53762 169
73514 143
86021 448
80088 650
8649 632
38911 651
17855 210
49151 727
5607 337
5863 470
61698 535
61279 113
1560 771
37429 113
37449 233
3709 358
23025 283
2406 887
6335 750
26183 814
40738 284
91741 284
69609 284
54076 6
76790 78
7250 288
85929 477
10340 19
13929 42
41980 345
86874 19
7699 284
21055 998
48004 470
77730 185
13844 169
12054 19
45755 284
16279 639
16733 121
65847 714
25484 6
14736 6
82382 509
26687 6
8359 50
91609 249
22126 998
80551 284
32354 900
51441 617
88059 64
74304 334
17821 801
41525 6
67209 47
20591 109
18040 637
77671 202
51437 284
64335 284
3684 284
73609 284
76089 284
30386 284
15166 284
69418 6
51806 143
20014 6
56335 6
36049 6
34593 6
46881 918
29861 630
40240 6
8927 6
10059 674
90090 44
70129 6
12961 6
44126 97
80602 638
1728 256
37062 815
80927 817
22039 358
16712 284
33997 893
33082 19
34777 243
83435 6
21618 690
1553 6
76478 500
36159 6
23684 6
19047 146
20143 758
78629 257
22376 284
1231 6
74037 6
70257 143
19021 6
31677 6
224 6
41666 6
8697 246
54970 47
79355 284
79468 345
87657 345
28664 246
45719 615
17940 690
59726 106
55385 19
47510 191
70258 143
37805 191
3429 191
71206 19
37298 284
73385 284
6039 19
14318 257
6085 191
10121 522
22659 615
82327 832
78733 248
76485 499
79127 918
79660 34
86307 345
6036 794
47670 731
40749 731
59799 487
38871 888
83957 6
63594 6
8648 6
65113 858
3018 6
52115 330
82759 509
40089 19
12776 145
8231 345
17379 284
12133 632
5430 60
62002 6
58566 284
66042 284
34747 470
53212 284
57918 6
70374 284
26281 638
209 358
18026 284
41112 472
42135 548
20998 6
87324 77
73036 77
80226 46
13399 169
37537 44
646 44
83107 6
63015 6
92193 6
39438 113
45309 284
11102 89
54702 109
39320 109
39319 109
39318 109
36621 472
89564 169
24616 109
83638 19
31023 472
24444 472
37184 276
43018 77
90929 82
86645 479
9545 6
94033 284
72688 284
92082 470
16863 104
54493 77
30903 284
13987 109
93321 257
51202 243
80407 257
57549 257
59071 60
62413 60
42711 60
43659 60
41292 60
46838 83
41878 284
4174 284
28229 60
94864 284
91069 60
17665 6
66185 43
23376 345
3260 809
36832 674
22921 680
13733 361
57038 6
11689 887
76007 6
74077 266
37130 358
41488 470
62497 6
49988 470
27043 358
84680 674
11757 868
90725 42
12873 77
74198 674
27644 42
28735 42
79380 42
17043 276
3919 284
19773 42
13498 284
2819 284
35819 714
13419 77
49927 407
11857 47
19094 690
472 15
63600 305
23986 448
6096 448
70280 6
61602 6
93451 340
88276 284
8938 983
95043 6
80510 284
22811 6
73622 6
30398 500
77418 330
13740 284
80211 946
63 6
40769 288
12396 284
7872 812
93092 470
47531 6
54718 888
46580 284
86987 6
42114 801
81494 284
75106 6
59870 284
53267 6
49951 105
73250 284
19407 6
37638 129
79508 381
56121 284
44941 228
46463 42
40339 113
37835 812
94484 20
38236 117
1693 77
27784 284
68347 358
14959 6
4956 284
95117 6
45892 6
18649 284
47279 47
45571 284
28762 567
77685 6
70474 6
81245 6
66863 6
95865 6
79143 6
15764 22
13703 284
39664 6
81657 6
35 971
53359 284
91517 6
64868 258
48139 682
67442 77
22246 46
34728 6
87628 6
62504 987
55986 284
60233 6
92769 6
44742 105
67060 512
12759 19
75663 6
65738 330
78788 6
25095 6
83438 6
70958 396
58392 6
51812 19
38827 358
15121 358
6026 364
92020 462
21299 19
7730 19
56981 6
84001 381
71434 253
61818 41
50074 34
85666 794
6130 575
3840 472
49805 6
79903 6
88744 121
57633 953
76399 6
56272 489
41789 6
55423 105
53808 340
53166 105
39211 395
87439 358
83774 77
18094 284
6935 158
93820 358
84528 19
2835 345
75307 6
21855 19
32421 472
55379 284
58055 284
86433 470
86715 496
90483 741
15346 284
58325 891
49645 6
946 6
66971 6
95505 6
56088 6
73091 6
66471 509
25327 470
40587 19
45252 19
89482 805
52468 284
80464 6
47333 381
57618 470
54410 169
94511 284
79609 395
69544 340
1923 509
60234 472
58893 448
48363 448
17615 448
22248 569
57308 77
58257 77
90394 6
80814 26
89148 77
44863 6
29380 392
75877 284
14144 681
83540 6
12612 284
28371 6
75367 6
9114 500
71150 6
51663 835
45958 44
38949 77
41108 211
38605 358
37294 77
11160 358
84787 358
57503 6
45379 728
48232 6
82114 6
19697 6
63598 6
65653 6
47066 6
93211 6
34856 284
75498 38
871 470
62938 6
58835 6
39719 6
79880 6
29671 6
47742 215
52142 6
39183 436
47890 6
44208 6
73681 6
64745 246
35908 6
20221 470
4307 284
43851 284
89501 443
66390 340
30832 395
63197 6
80676 6
74925 6
50252 6
47011 6
56101 6
84295 6
48914 284
73329 284
89249 438
12447 77
37726 6
49077 406
6498 284
7210 6
35115 284
7615 284
11457 358
61310 109
62900 358
7179 6
79052 6
90511 6
67842 6
49704 6
36442 6
22696 6
52881 284
88428 921
28146 77
13533 77
22705 77
72559 284
31089 924
572 316
88874 6
59501 6
52418 6
54156 41
36490 317
9169 4
14824 121
6523 936
72945 6
78171 6
2957 6
23672 6
24168 284
36365 246
77720 342
2367 470
65421 113
43912 501
30004 401
14991 113
65145 809
35254 283
71027 284
93372 170
28180 56
91510 918
20524 77
70368 284
80777 284
51486 284
55825 276
18404 509
71557 284
24814 345
17114 593
14559 6
1705 94
59853 284
5386 13
17820 13
26499 6
1154 727
14458 387
29135 6
47911 269
62290 6
50952 6
45972 331
32710 6
92630 6
44527 6
38853 6
70496 6
23171 17
65737 6
35758 832
71200 6
15474 638
34018 426
44253 848
40269 233
12032 284
89421 708
638 284
81971 256
9684 814
83573 284
20980 6
35090 604
95873 604
85970 39
6692 6
60934 6
6158 6
22750 6
9690 6
42841 6
57093 6
95433 6
61514 6
63138 6
2113 297
56393 284
72034 284
23174 284
56601 6
50677 6
17726 6
25000 6
57087 6
6111 345
41842 453
3420 752
31045 37
64520 284
28154 243
45073 6
10079 284
33550 6
6057 284
66625 284
91106 284
72866 6
67142 284
14359 972
19815 284
24805 284
33335 401
15796 6
72813 6
15823 6
75720 530
71191 832
45780 41
11054 395
81857 448
46370 174
73342 345
66374 117
56977 246
49211 509
84610 509
95645 6
13848 284
46626 284
37315 284
25023 6
32674 284
51677 472
47227 77
30238 39
92791 342
85323 342
90746 284
90844 342
91197 77
82071 342
68026 342
33194 342
75921 284
76494 46
76114 472
81345 342
15305 472
80719 472
72983 342
81884 342
81124 342
13722 632
77762 342
75182 11
78118 342
79399 342
76584 611
73989 258
78892 342
78527 46
17932 479
32796 342
9763 358
78004 472
29610 342
27295 342
77874 342
30969 342
76468 46
77258 342
73783 46
71622 342
69227 342
70478 11
32868 342
34137 435
71133 342
33368 342
25557 11
82461 470
13275 284
36953 284
83239 284
12074 358
81241 574
86107 185
73884 6
14714 887
85873 470
30084 815
14145 169
20557 197
32651 12
40500 6
1345 936
23099 284
46263 6
56687 284
61908 462
90868 324
88512 6
59949 470
72659 284
55290 714
58313 630
56347 135
52885 284
13778 470
42461 470
94147 358
51564 470
67214 284
20099 470
47719 233
48153 470
48245 848
49602 462
89593 470
40995 190
40468 538
47632 470
45441 288
83536 470
85283 470
33172 470
9849 602
63736 835
30111 228
30654 970
9707 998
39670 381
15232 284
65709 6
10006 6
47573 6
62524 292
90568 284
90197 6
28588 284
34598 6
4134 77
23997 904
56838 6
21790 6
27649 6
85045 634
25074 284
16297 284
19212 284
7263 128
82774 6
60943 6
60925 6
38681 6
26171 284
79956 284
51594 6
14986 6
32275 749
14046 814
